this is nsga_ii
run is 25
({'violation_objectives': [0.0, 0.0], 'extrainfo': {'generation': 1999, 'constraints': [-2.710294211283326e-09, -2.8683544428531604e-09, -2.461767678596516e-09, -5.000000000973021, -5.000000000802336, -5.000000001190729, -1.1912404396241527e-09, -7.05528968580893e-10, -4.929785468732462e-10], 'filename': None}, 'objectives': [-14.999999993869658], 'genes': [0.9999999999414579, 0.9999999999650482, 0.9999999999880815, 0.999999999912623, 0.9999999999246378, 0.9999999999467692, 0.9999999997300401, 0.9999999996462278, 0.9999999999144462, 0.02999999998558643, 0.029999999989180494, 0.029999999987139234, 0.9999999994808646], 'nondomLayer': [0], 'efeasible': 1, 'pheno': [0.9999999999414579, 0.9999999999650482, 0.9999999999880815, 0.999999999912623, 0.9999999999246378, 0.9999999999467692, 0.9999999997300401, 0.9999999996462278, 0.9999999999144462, 2.999999998558643, 2.9999999989180495, 2.9999999987139234, 0.9999999994808646], 'violations': [0, 0, 0, 0, 0, 0, 0, 0, 0], 'id': 29}, 210000, 1999)
run is 24
({'violation_objectives': [0.0, 0.0], 'extrainfo': {'generation': 1995, 'constraints': [-2.9566464831987105e-09, -1.9601849032824248e-09, -3.0143159079898396e-09, -5.000000000823075, -5.000000001886187, -5.000000000544271, -8.823182184869438e-10, -1.965761331490512e-09, -2.2587887116287675e-10], 'filename': None}, 'objectives': [-14.999999993285325], 'genes': [0.9999999999871818, 0.9999999999880798, 0.9999999999535344, 0.9999999999825422, 0.9999999999916134, 0.9999999999992695, 0.9999999999856739, 0.9999999997626946, 0.9999999997844936, 0.029999999990743795, 0.029999999980184513, 0.029999999990840038, 0.9999999980280566], 'nondomLayer': [0], 'efeasible': 1, 'pheno': [0.9999999999871818, 0.9999999999880798, 0.9999999999535344, 0.9999999999825422, 0.9999999999916134, 0.9999999999992695, 0.9999999999856739, 0.9999999997626946, 0.9999999997844936, 2.9999999990743795, 2.9999999980184513, 2.999999999084004, 0.9999999980280566], 'violations': [0, 0, 0, 0, 0, 0, 0, 0, 0], 'id': 38}, 210105, 2000)
run is 23
({'violation_objectives': [0.0, 0.0], 'extrainfo': {'generation': 1998, 'constraints': [-2.784453556614608e-09, -2.5707116435569333e-09, -1.9451302790685077e-09, -4.999999998563375, -4.999999999891213, -4.999999999205937, -6.175415734333001e-10, -6.891416326482158e-10, -5.6707527562593896e-11], 'filename': None}, 'objectives': [-14.99999999324358], 'genes': [0.9999999996858357, 0.9999999998811777, 0.9999999998340243, 0.9999999999714277, 0.9999999995979975, 0.99999999993996, 0.9999999999674302, 0.9999999998206114, 0.9999999998817422, 0.029999999989233115, 0.029999999991582083, 0.029999999994662574, 0.9999999996257314], 'nondomLayer': [0], 'efeasible': 1, 'pheno': [0.9999999996858357, 0.9999999998811777, 0.9999999998340243, 0.9999999999714277, 0.9999999995979975, 0.99999999993996, 0.9999999999674302, 0.9999999998206114, 0.9999999998817422, 2.9999999989233115, 2.9999999991582085, 2.999999999466257, 0.9999999996257314], 'violations': [0, 0, 0, 0, 0, 0, 0, 0, 0], 'id': 42}, 210210, 2001)
run is 22
({'violation_objectives': [0.0, 0.0], 'extrainfo': {'generation': 1998, 'constraints': [-3.858403374579211e-09, -2.8719764344486975e-09, -1.9425154818009105e-09, -4.999999999269301, -5.000000000869658, -4.999999999981176, -1.315559217118789e-09, -3.240652191038862e-11, -2.2604496052736067e-10], 'filename': None}, 'objectives': [-14.999999992601746], 'genes': [0.999999999687537, 0.9999999999405187, 0.9999999999503131, 0.9999999999661002, 0.999999999614353, 0.9999999996915291, 0.9999999993038402, 0.9999999999704604, 0.9999999999064526, 0.02999999998230994, 0.029999999986544918, 0.02999999999621329, 0.9999999998859543], 'nondomLayer': [0], 'efeasible': 1, 'pheno': [0.999999999687537, 0.9999999999405187, 0.9999999999503131, 0.9999999999661002, 0.999999999614353, 0.9999999996915291, 0.9999999993038402, 0.9999999999704604, 0.9999999999064526, 2.999999998230994, 2.999999998654492, 2.9999999996213287, 0.9999999998859543], 'violations': [0, 0, 0, 0, 0, 0, 0, 0, 0], 'id': 3}, 210105, 2000)
run is 21
({'violation_objectives': [0.0, 0.0], 'extrainfo': {'generation': 1998, 'constraints': [-1.6672547786811265e-09, -2.846281432766773e-09, -3.034763551568176e-09, -5.000000000231772, -5.000000000571976, -5.000000001380625, -2.6016655496619023e-10, -1.1985656911406295e-10, -1.075464606259402e-09], 'filename': None}, 'objectives': [-14.99999999348779], 'genes': [0.9999999999492386, 0.9999999999644107, 0.9999999999273731, 0.9999999999256144, 0.9999999997710741, 0.9999999996335799, 0.9999999999960066, 0.9999999997349179, 0.9999999996439879, 0.029999999993621365, 0.029999999991433098, 0.02999999998038359, 0.9999999993312331], 'nondomLayer': [0], 'efeasible': 1, 'pheno': [0.9999999999492386, 0.9999999999644107, 0.9999999999273731, 0.9999999999256144, 0.9999999997710741, 0.9999999996335799, 0.9999999999960066, 0.9999999997349179, 0.9999999996439879, 2.9999999993621365, 2.9999999991433097, 2.999999998038359, 0.9999999993312331], 'violations': [0, 0, 0, 0, 0, 0, 0, 0, 0], 'id': 11}, 210000, 1999)
run is 20
({'violation_objectives': [0.0, 0.0], 'extrainfo': {'generation': 1999, 'constraints': [-1.9862795852532145e-09, -2.0757262575443747e-09, -2.303528034985902e-09, -5.00000000045336, -5.000000000428523, -4.999999998724416, -1.4662493441619517e-11, -7.952527525389996e-10, -5.289098048422147e-10], 'filename': None}, 'objectives': [-14.999999994264533], 'genes': [0.9999999999574121, 0.9999999999321483, 0.9999999997527929, 0.9999999998802818, 0.9999999994600349, 0.9999999999870279, 0.9999999998498599, 0.999999999937372, 0.999999999952093, 0.02999999999205936, 0.02999999999028663, 0.029999999992979275, 0.9999999999324457], 'nondomLayer': [0], 'efeasible': 1, 'pheno': [0.9999999999574121, 0.9999999999321483, 0.9999999997527929, 0.9999999998802818, 0.9999999994600349, 0.9999999999870279, 0.9999999998498599, 0.999999999937372, 0.999999999952093, 2.999999999205936, 2.999999999028663, 2.9999999992979274, 0.9999999999324457], 'violations': [0, 0, 0, 0, 0, 0, 0, 0, 0], 'id': 9}, 210105, 2000)
run is 19
({'violation_objectives': [0.0, 0.0], 'extrainfo': {'generation': 1998, 'constraints': [-1.1710330483083453e-09, -2.060261294900556e-09, -2.084572514604588e-09, -5.000000000484087, -5.0000000003570975, -4.999999998920108, -1.2320011677502407e-10, -2.8678570629381284e-10, -5.260547553120887e-11], 'filename': None}, 'objectives': [-14.999999994887984], 'genes': [0.9999999999910727, 0.9999999999759426, 0.9999999997433208, 0.999999999991131, 0.9999999995854318, 0.9999999999793686, 0.9999999997784915, 0.999999999952287, 0.9999999991744895, 0.029999999994444936, 0.02999999999450443, 0.029999999990264585, 0.9999999999891825], 'nondomLayer': [0], 'efeasible': 1, 'pheno': [0.9999999999910727, 0.9999999999759426, 0.9999999997433208, 0.999999999991131, 0.9999999995854318, 0.9999999999793686, 0.9999999997784915, 0.999999999952287, 0.9999999991744895, 2.9999999994444937, 2.999999999450443, 2.9999999990264583, 0.9999999999891825], 'violations': [0, 0, 0, 0, 0, 0, 0, 0, 0], 'id': 34}, 210000, 1999)
run is 18
({'violation_objectives': [0.0, 0.0], 'extrainfo': {'generation': 2001, 'constraints': [-2.385521113978939e-09, -3.2501112912086683e-09, -3.2803679772541727e-09, -4.999999999435374, -5.000000000561364, -5.00000000065379, -6.57212506638416e-10, -3.286904082244746e-10, -9.5033314551074e-10], 'filename': None}, 'objectives': [-14.999999992729116], 'genes': [0.9999999998257743, 0.9999999999353475, 0.9999999998581309, 0.9999999999802976, 0.9999999998674363, 0.9999999998884239, 0.9999999994732585, 0.9999999996461566, 0.9999999998692779, 0.02999999999170819, 0.02999999998921416, 0.029999999982112578, 0.9999999996833184], 'nondomLayer': [0], 'efeasible': 1, 'pheno': [0.9999999998257743, 0.9999999999353475, 0.9999999998581309, 0.9999999999802976, 0.9999999998674363, 0.9999999998884239, 0.9999999994732585, 0.9999999996461566, 0.9999999998692779, 2.9999999991708193, 2.999999998921416, 2.999999998211258, 0.9999999996833184], 'violations': [0, 0, 0, 0, 0, 0, 0, 0, 0], 'id': 60}, 210210, 2001)
run is 17
({'violation_objectives': [0.0, 0.0], 'extrainfo': {'generation': 1999, 'constraints': [-2.5063684461201774e-09, -2.2104451602444897e-09, -2.5968613925897444e-09, -5.000000000308907, -4.999999998378339, -5.000000000846603, -6.852869383067173e-10, -9.71489555467997e-11, -4.010778376084545e-10], 'filename': None}, 'objectives': [-14.99999999261846], 'genes': [0.9999999999248931, 0.9999999996931946, 0.9999999999696134, 0.9999999999660816, 0.9999999998433613, 0.9999999996864727, 0.9999999998914216, 0.9999999999571036, 0.9999999993971745, 0.029999999990902377, 0.02999999999167218, 0.029999999989103042, 0.9999999989062509], 'nondomLayer': [0], 'efeasible': 1, 'pheno': [0.9999999999248931, 0.9999999996931946, 0.9999999999696134, 0.9999999999660816, 0.9999999998433613, 0.9999999996864727, 0.9999999998914216, 0.9999999999571036, 0.9999999993971745, 2.9999999990902375, 2.999999999167218, 2.999999998910304, 0.9999999989062509], 'violations': [0, 0, 0, 0, 0, 0, 0, 0, 0], 'id': 102}, 210210, 2001)
run is 16
({'violation_objectives': [0.0, 0.0], 'extrainfo': {'generation': 1999, 'constraints': [-1.4680558990676218e-09, -1.6763568311262134e-09, -1.411670780271379e-09, -5.000000000302757, -4.999999999924595, -5.000000000568965, -3.6666891745085195e-10, -6.748690495328447e-11, -3.915374691132456e-10], 'filename': None}, 'objectives': [-14.999999995463474], 'genes': [0.9999999999436386, 0.9999999999322909, 0.999999999975898, 0.9999999998773165, 0.9999999998583877, 0.9999999998095823, 0.9999999999820549, 0.9999999999476423, 0.9999999997344712, 0.029999999992463517, 0.029999999995337326, 0.029999999992382183, 0.9999999994673133], 'nondomLayer': [0], 'efeasible': 1, 'pheno': [0.9999999999436386, 0.9999999999322909, 0.999999999975898, 0.9999999998773165, 0.9999999998583877, 0.9999999998095823, 0.9999999999820549, 0.9999999999476423, 0.9999999997344712, 2.9999999992463517, 2.9999999995337325, 2.9999999992382183, 0.9999999994673133], 'violations': [0, 0, 0, 0, 0, 0, 0, 0, 0], 'id': 96}, 210105, 2000)
run is 15
({'violation_objectives': [0.0, 0.0], 'extrainfo': {'generation': 1999, 'constraints': [-2.483981020873216e-09, -1.8220838171600917e-09, -1.597911136741459e-09, -4.999999999048225, -5.000000000666413, -4.999999999768802, -5.453895113305407e-10, -2.1465362820549672e-10, -2.2467272486892398e-10], 'filename': None}, 'objectives': [-14.99999999383783], 'genes': [0.9999999997694149, 0.9999999999536509, 0.9999999999300795, 0.9999999999129422, 0.999999999826599, 0.9999999999820708, 0.9999999992133061, 0.9999999999738884, 0.9999999999487298, 0.02999999999107094, 0.02999999998962794, 0.029999999996718343, 0.9999999993210744], 'nondomLayer': [0], 'efeasible': 1, 'pheno': [0.9999999997694149, 0.9999999999536509, 0.9999999999300795, 0.9999999999129422, 0.999999999826599, 0.9999999999820708, 0.9999999992133061, 0.9999999999738884, 0.9999999999487298, 2.999999999107094, 2.999999998962794, 2.999999999671834, 0.9999999993210744], 'violations': [0, 0, 0, 0, 0, 0, 0, 0, 0], 'id': 61}, 210000, 1999)
run is 14
({'violation_objectives': [0.0, 0.0], 'extrainfo': {'generation': 1998, 'constraints': [-1.7032704135999666e-09, -2.2240200792111864e-09, -2.4618902472184345e-09, -5.000000000378013, -5.000000000139854, -4.999999999692225, -1.5435031031074686e-10, -1.914832736815697e-10, -1.1533485277936961e-10], 'filename': None}, 'objectives': [-14.99999999239095], 'genes': [0.9999999999645313, 0.9999999999169283, 0.9999999998200906, 0.9999999999158409, 0.9999999996609055, 0.9999999999325324, 0.9999999995219906, 0.9999999996063818, 0.9999999997710707, 0.02999999999338237, 0.029999999991955725, 0.029999999988684994, 0.999999998408806], 'nondomLayer': [0], 'efeasible': 1, 'pheno': [0.9999999999645313, 0.9999999999169283, 0.9999999998200906, 0.9999999999158409, 0.9999999996609055, 0.9999999999325324, 0.9999999995219906, 0.9999999996063818, 0.9999999997710707, 2.999999999338237, 2.9999999991955724, 2.9999999988684993, 0.999999998408806], 'violations': [0, 0, 0, 0, 0, 0, 0, 0, 0], 'id': 86}, 210105, 2000)
run is 13
({'violation_objectives': [0.0, 0.0], 'extrainfo': {'generation': 2000, 'constraints': [-4.0280827562355626e-09, -2.339582749755209e-09, -3.0853684052090102e-09, -4.99999999940491, -4.999999999899155, -5.0000000005139364, -6.305884703294851e-10, -1.2459420162258539e-09, -4.629940875133798e-10], 'filename': None}, 'objectives': [-14.999999992233253], 'genes': [0.9999999997763761, 0.9999999997512221, 0.9999999999815502, 0.9999999999595358, 0.9999999995176159, 0.9999999999727425, 0.9999999994110789, 0.9999999999291906, 0.9999999999430778, 0.02999999998806099, 0.029999999981106217, 0.02999999999338465, 0.9999999998609406], 'nondomLayer': [0], 'efeasible': 1, 'pheno': [0.9999999997763761, 0.9999999997512221, 0.9999999999815502, 0.9999999999595358, 0.9999999995176159, 0.9999999999727425, 0.9999999994110789, 0.9999999999291906, 0.9999999999430778, 2.999999998806099, 2.9999999981106216, 2.999999999338465, 0.9999999998609406], 'violations': [0, 0, 0, 0, 0, 0, 0, 0, 0], 'id': 47}, 210105, 2000)
run is 12
({'violation_objectives': [0.0, 0.0], 'extrainfo': {'generation': 2000, 'constraints': [-3.3160354462324904e-09, -1.6995773677308534e-09, -3.428441530672899e-09, -4.999999999678609, -5.00000000113239, -4.999999999543179, -2.8203039903473837e-10, -1.6402745828258958e-09, -4.278399856616488e-11], 'filename': None}, 'objectives': [-14.999999992677878], 'genes': [0.9999999998885023, 0.999999999860994, 0.9999999998637187, 0.9999999999810436, 0.9999999997493528, 0.9999999997905914, 0.9999999998146538, 0.999999999827014, 0.9999999997553267, 0.029999999994294098, 0.02999999997755562, 0.029999999993665708, 0.999999999218107], 'nondomLayer': [0], 'efeasible': 1, 'pheno': [0.9999999998885023, 0.999999999860994, 0.9999999998637187, 0.9999999999810436, 0.9999999997493528, 0.9999999997905914, 0.9999999998146538, 0.999999999827014, 0.9999999997553267, 2.9999999994294098, 2.999999997755562, 2.9999999993665707, 0.999999999218107], 'violations': [0, 0, 0, 0, 0, 0, 0, 0, 0], 'id': 23}, 210105, 2000)
run is 11
({'violation_objectives': [0.0, 0.0], 'extrainfo': {'generation': 2000, 'constraints': [-2.820092603883495e-09, -3.271049209274679e-09, -3.448018759399929e-09, -5.0000000002892016, -5.000000001353328, -5.000000000238918, -1.032979923820676e-09, -4.424594024499129e-11, -1.4768364309247772e-09], 'filename': None}, 'objectives': [-14.999999993223124], 'genes': [0.999999999896764, 0.9999999999854797, 0.999999999828943, 0.9999999999739437, 0.9999999999700036, 0.9999999993059598, 0.9999999999628353, 0.9999999999924798, 0.9999999998845027, 0.02999999998884911, 0.02999999998530509, 0.029999999983926256, 0.9999999998736421], 'nondomLayer': [0], 'efeasible': 1, 'pheno': [0.999999999896764, 0.9999999999854797, 0.999999999828943, 0.9999999999739437, 0.9999999999700036, 0.9999999993059598, 0.9999999999628353, 0.9999999999924798, 0.9999999998845027, 2.999999998884911, 2.9999999985305092, 2.9999999983926258, 0.9999999998736421], 'violations': [0, 0, 0, 0, 0, 0, 0, 0, 0], 'id': 87}, 210210, 2001)
run is 10
({'violation_objectives': [0.0, 0.0], 'extrainfo': {'generation': 1999, 'constraints': [-1.6671428682002443e-09, -1.9469812428951627e-09, -3.00501490357874e-09, -5.000000000271719, -5.000000000169134, -4.99999999855939, -6.902078908410658e-11, -3.488045408062135e-10, -3.710973750514768e-10], 'filename': None}, 'objectives': [-14.99999999408074], 'genes': [0.9999999999967164, 0.9999999998806547, 0.9999999996916963, 0.9999999999892539, 0.9999999997925261, 0.9999999996986717, 0.9999999998275643, 0.999999999798223, 0.9999999997488321, 0.02999999999702013, 0.02999999998876103, 0.029999999989741805, 0.9999999998710181], 'nondomLayer': [0], 'efeasible': 1, 'pheno': [0.9999999999967164, 0.9999999998806547, 0.9999999996916963, 0.9999999999892539, 0.9999999997925261, 0.9999999996986717, 0.9999999998275643, 0.999999999798223, 0.9999999997488321, 2.999999999702013, 2.999999998876103, 2.9999999989741806, 0.9999999998710181], 'violations': [0, 0, 0, 0, 0, 0, 0, 0, 0], 'id': 29}, 210210, 2001)
run is 9
({'violation_objectives': [0.0, 0.0], 'extrainfo': {'generation': 1994, 'constraints': [-3.3948346356282855e-09, -1.5817676057849894e-09, -3.1741329564738407e-09, -5.000000000625132, -5.000000000893367, -4.9999999986186205, -3.071765064532883e-10, -1.2476428778995796e-09, -7.658274014943345e-11], 'filename': None}, 'objectives': [-14.999999993052304], 'genes': [0.9999999999723898, 0.9999999998399767, 0.9999999997938087, 0.9999999999279355, 0.9999999996052918, 0.9999999996459165, 0.9999999997822558, 0.9999999999700433, 0.9999999998683452, 0.029999999991539867, 0.02999999997826446, 0.02999999999731849, 0.9999999997976187], 'nondomLayer': [0], 'efeasible': 1, 'pheno': [0.9999999999723898, 0.9999999998399767, 0.9999999997938087, 0.9999999999279355, 0.9999999996052918, 0.9999999996459165, 0.9999999997822558, 0.9999999999700433, 0.9999999998683452, 2.9999999991539865, 2.9999999978264458, 2.999999999731849, 0.9999999997976187], 'violations': [0, 0, 0, 0, 0, 0, 0, 0, 0], 'id': 32}, 210105, 2000)
run is 8
({'violation_objectives': [0.0, 0.0], 'extrainfo': {'generation': 1996, 'constraints': [-2.592505765619535e-09, -2.7953532821811677e-09, -3.34624772335701e-09, -5.0000000002753255, -5.000000001042524, -5.000000001213718, -6.267977248342049e-10, -3.3836089485816956e-10, -1.2999290532889063e-09], 'filename': None}, 'objectives': [-14.999999993183247], 'genes': [0.999999999925452, 0.9999999999470824, 0.9999999999439171, 0.9999999999584028, 0.9999999998382822, 0.9999999999459883, 0.9999999989805195, 0.9999999999838858, 0.9999999996697762, 0.029999999991282902, 0.029999999985341353, 0.029999999983376185, 0.9999999998904825], 'nondomLayer': [0], 'efeasible': 1, 'pheno': [0.999999999925452, 0.9999999999470824, 0.9999999999439171, 0.9999999999584028, 0.9999999998382822, 0.9999999999459883, 0.9999999989805195, 0.9999999999838858, 0.9999999996697762, 2.99999999912829, 2.9999999985341352, 2.9999999983376187, 0.9999999998904825], 'violations': [0, 0, 0, 0, 0, 0, 0, 0, 0], 'id': 43}, 210105, 2000)
run is 7
({'violation_objectives': [0.0, 0.0], 'extrainfo': {'generation': 1998, 'constraints': [-2.327560366666148e-09, -2.3339428167901133e-09, -1.841808483504792e-09, -5.000000000795438, -4.999999999344114, -5.0000000003334, -1.0978333797595496e-09, -3.687175009758903e-10, -6.134928121070971e-10], 'filename': None}, 'objectives': [-14.999999994630908], 'genes': [0.9999999999385591, 0.9999999998426401, 0.9999999999409304, 0.9999999999758006, 0.9999999998592676, 0.9999999999834446, 0.999999999798835, 0.9999999999140525, 0.9999999999794307, 0.029999999987130353, 0.02999999999397007, 0.02999999999194043, 0.9999999993021443], 'nondomLayer': [0], 'efeasible': 1, 'pheno': [0.9999999999385591, 0.9999999998426401, 0.9999999999409304, 0.9999999999758006, 0.9999999998592676, 0.9999999999834446, 0.999999999798835, 0.9999999999140525, 0.9999999999794307, 2.9999999987130352, 2.999999999397007, 2.999999999194043, 0.9999999993021443], 'violations': [0, 0, 0, 0, 0, 0, 0, 0, 0], 'id': 74}, 210000, 1999)
run is 6
({'violation_objectives': [0.0, 0.0], 'extrainfo': {'generation': 1998, 'constraints': [-1.2641798718959762e-09, -1.2878658139925392e-09, -1.7575310096162866e-09, -4.999999999840722, -5.000000000470708, -5.0000000007943495, -4.348166271483933e-11, -3.3669600441044167e-10, -2.629465534198516e-10], 'filename': None}, 'objectives': [-14.999999995570777], 'genes': [0.9999999999443465, 0.9999999999603785, 0.999999999990374, 0.9999999999439867, 0.9999999998695581, 0.9999999998499843, 0.999999999849047, 0.9999999997555978, 0.9999999998803943, 0.0299999999971405, 0.0299999999921232, 0.02999999999128643, 0.9999999991157551], 'nondomLayer': [0], 'efeasible': 1, 'pheno': [0.9999999999443465, 0.9999999999603785, 0.999999999990374, 0.9999999999439867, 0.9999999998695581, 0.9999999998499843, 0.999999999849047, 0.9999999997555978, 0.9999999998803943, 2.99999999971405, 2.99999999921232, 2.9999999991286432, 0.9999999991157551], 'violations': [0, 0, 0, 0, 0, 0, 0, 0, 0], 'id': 19}, 210210, 2001)
run is 5
({'violation_objectives': [0.0, 0.0], 'extrainfo': {'generation': 2000, 'constraints': [-1.5503651695780718e-09, -4.542993536915674e-09, -4.402700426453521e-09, -4.999999999444439, -5.000000000662729, -5.000000003584948, -2.5196378317104973e-10, -4.2601033811706657e-10, -2.414443311948844e-09], 'filename': None}, 'objectives': [-14.99999999279003], 'genes': [0.9999999998599111, 0.9999999999957693, 0.9999999999887285, 0.9999999999227802, 0.9999999998412523, 0.9999999998776233, 0.9999999999741884, 0.9999999993938842, 0.9999999999515544, 0.02999999999434849, 0.029999999993034248, 0.029999999963248793, 0.9999999998524293], 'nondomLayer': [0], 'efeasible': 1, 'pheno': [0.9999999998599111, 0.9999999999957693, 0.9999999999887285, 0.9999999999227802, 0.9999999998412523, 0.9999999998776233, 0.9999999999741884, 0.9999999993938842, 0.9999999999515544, 2.999999999434849, 2.9999999993034248, 2.9999999963248793, 0.9999999998524293], 'violations': [0, 0, 0, 0, 0, 0, 0, 0, 0], 'id': 72}, 210105, 2000)
run is 4
({'violation_objectives': [0.0, 0.0], 'extrainfo': {'generation': 1995, 'constraints': [-4.9284736292065645e-09, -1.7163905852157768e-09, -4.314042456599054e-09, -5.000000001067437, -5.000000003048159, -5.000000000286988, -3.6058978025721444e-10, -2.1775079517283302e-09, -1.8745005547771143e-10], 'filename': None}, 'objectives': [-14.999999990923552], 'genes': [0.9999999999902026, 0.9999999999285096, 0.9999999999736008, 0.9999999996132376, 0.9999999999882987, 0.9999999995991974, 0.9999999993590314, 0.999999999939522, 0.9999999998102246, 0.02999999998854184, 0.02999999996379918, 0.029999999995018185, 0.9999999999636013], 'nondomLayer': [0], 'efeasible': 1, 'pheno': [0.9999999999902026, 0.9999999999285096, 0.9999999999736008, 0.9999999996132376, 0.9999999999882987, 0.9999999995991974, 0.9999999993590314, 0.999999999939522, 0.9999999998102246, 2.999999998854184, 2.999999996379918, 2.9999999995018185, 0.9999999999636013], 'violations': [0, 0, 0, 0, 0, 0, 0, 0, 0], 'id': 68}, 210000, 1999)
run is 3
({'violation_objectives': [0.0, 0.0], 'extrainfo': {'generation': 2000, 'constraints': [-2.3604123100540164e-09, -9.723528648919455e-10, -2.8137137064732087e-09, -4.999999999899389, -5.000000001592305, -4.999999998603413, -4.8747672565241373e-11, -1.8320189809628573e-09, -2.807221122225201e-10], 'filename': None}, 'objectives': [-14.999999994459323], 'genes': [0.9999999999639863, 0.9999999999491419, 0.9999999997890586, 0.9999999999808667, 0.9999999998995152, 0.9999999999346182, 0.999999999963613, 0.9999999999999813, 0.9999999999898154, 0.02999999999812501, 0.029999999980008303, 0.02999999999709056, 0.9999999987341275], 'nondomLayer': [0], 'efeasible': 1, 'pheno': [0.9999999999639863, 0.9999999999491419, 0.9999999997890586, 0.9999999999808667, 0.9999999998995152, 0.9999999999346182, 0.999999999963613, 0.9999999999999813, 0.9999999999898154, 2.999999999812501, 2.9999999980008303, 2.999999999709056, 0.9999999987341275], 'violations': [0, 0, 0, 0, 0, 0, 0, 0, 0], 'id': 61}, 210105, 2000)
run is 2
({'violation_objectives': [0.0, 0.0], 'extrainfo': {'generation': 1999, 'constraints': [-2.368608420511009e-09, -2.4626611860867342e-09, -2.919870567552607e-09, -5.0000000005130625, -5.000000000296663, -5.000000001461462, -1.4842793660818643e-10, -5.091957966385507e-10, -1.3545387034241685e-10], 'filename': None}, 'objectives': [-14.999999993257305], 'genes': [0.9999999999557363, 0.9999999998883754, 0.9999999999954501, 0.999999999948213, 0.9999999993848299, 0.9999999998435866, 0.9999999996323626, 0.9999999995761486, 0.9999999994852955, 0.02999999999132828, 0.0299999999881034, 0.02999999998502139, 0.9999999999509035], 'nondomLayer': [0], 'efeasible': 1, 'pheno': [0.9999999999557363, 0.9999999998883754, 0.9999999999954501, 0.999999999948213, 0.9999999993848299, 0.9999999998435866, 0.9999999996323626, 0.9999999995761486, 0.9999999994852955, 2.999999999132828, 2.99999999881034, 2.999999998502139, 0.9999999999509035], 'violations': [0, 0, 0, 0, 0, 0, 0, 0, 0], 'id': 92}, 210000, 1999)
run is 1
({'violation_objectives': [0.0, 0.0], 'extrainfo': {'generation': 2001, 'constraints': [-1.8983108418524353e-09, -2.2873205551832143e-09, -2.70776467914402e-09, -5.000000000692875, -4.999999999757512, -5.000000000992625, -1.6892265364276682e-10, -1.0191758548216967e-10, -1.346502020993512e-09], 'filename': None}, 'objectives': [-14.99999999430262], 'genes': [0.9999999999953941, 0.9999999998598135, 0.9999999999444238, 0.9999999999710573, 0.9999999994970858, 0.9999999997710162, 0.9999999996808806, 0.9999999999617866, 0.9999999999856946, 0.02999999999270278, 0.029999999991209954, 0.029999999985627655, 0.999999999598673], 'nondomLayer': [0], 'efeasible': 1, 'pheno': [0.9999999999953941, 0.9999999998598135, 0.9999999999444238, 0.9999999999710573, 0.9999999994970858, 0.9999999997710162, 0.9999999996808806, 0.9999999999617866, 0.9999999999856946, 2.999999999270278, 2.9999999991209956, 2.9999999985627657, 0.999999999598673], 'violations': [0, 0, 0, 0, 0, 0, 0, 0, 0], 'id': 11}, 210210, 2001)
maxo is -14.9999999909
mino is -14.9999999956
the average is -14.9999999935
variance is 1.04799822095e-09
the generation is [1999, 2000, 2001, 2000, 1999, 2000, 1999, 2001, 2001, 2000, 1999, 2000, 2000, 2000, 2001, 2001, 2000, 2000, 1999, 2001, 2000, 1999, 2000, 1999, 2001]
the average generation is 2000.0
variance generation is 0.748331477355
the evaTime is [210000, 210105, 210210, 210105, 210000, 210105, 210000, 210210, 210210, 210105, 210000, 210105, 210105, 210105, 210210, 210210, 210105, 210105, 210000, 210210, 210105, 210000, 210105, 210000, 210210]
the average evaTime is 210105.0
variance evaTime 78.5748051223
