this is nsga_ii
run is 25
({'violation_objectives': [0.0, 0.0], 'extrainfo': {'generation': 1998, 'constraints': [-4.159281141724591e-09, -120.06703942094364], 'filename': None}, 'objectives': [-0.803619095161559], 'genes': [0.31625365412781264, 0.3128376319911319, 0.30947988045232605, 0.30615400342543647, 0.302804379103079, 0.2993893355159617, 0.29586881946270926, 0.2921873692746745, 0.0494812316296243, 0.04884702183297199, 0.048222377910931105, 0.04765847041510006, 0.047121893121856134, 0.046620109511235575, 0.046137761312122424, 0.045694108437990426, 0.045247610329763405, 0.04482351901509907, 0.044421509457493236, 0.04404537157831487], 'nondomLayer': [0], 'efeasible': 1, 'pheno': [3.1625365412781266, 3.128376319911319, 3.0947988045232604, 3.0615400342543646, 3.02804379103079, 2.993893355159617, 2.9586881946270926, 2.921873692746745, 0.494812316296243, 0.4884702183297199, 0.482223779109311, 0.4765847041510006, 0.47121893121856134, 0.46620109511235575, 0.4613776131212243, 0.45694108437990427, 0.45247610329763405, 0.44823519015099067, 0.44421509457493236, 0.4404537157831487], 'violations': [0, 0], 'id': 61}, 210210, 2001)
run is 24
({'violation_objectives': [0.0, 0.0], 'extrainfo': {'generation': 1998, 'constraints': [-1.6240713218707015e-09, -120.06744332285432], 'filename': None}, 'objectives': [-0.8036190865204565], 'genes': [0.3162516797112954, 0.3128334353013845, 0.309473447037703, 0.306148186817623, 0.30280338498627823, 0.2993902532693977, 0.2958545307778057, 0.2921694683864086, 0.049485187818768483, 0.048839131404173265, 0.04823674639848093, 0.04766431552160428, 0.047133563867973745, 0.04662920942728155, 0.04614028584807802, 0.045692866432050394, 0.045254255367562786, 0.04482152593190712, 0.04442179459772812, 0.04401239881106346], 'nondomLayer': [0], 'efeasible': 1, 'pheno': [3.1625167971129544, 3.1283343530138454, 3.09473447037703, 3.06148186817623, 3.0280338498627826, 2.993902532693977, 2.9585453077780572, 2.9216946838640863, 0.49485187818768483, 0.48839131404173264, 0.48236746398480934, 0.4766431552160428, 0.47133563867973743, 0.4662920942728155, 0.4614028584807802, 0.45692866432050394, 0.45254255367562785, 0.44821525931907125, 0.44421794597728115, 0.4401239881106346], 'violations': [0, 0], 'id': 8}, 210210, 2001)
run is 23
({'violation_objectives': [0.0, 0.0], 'extrainfo': {'generation': 1967, 'constraints': [-7.162471726829267e-10, -120.06711177072427], 'filename': None}, 'objectives': [-0.8036190867607015], 'genes': [0.31625362199034307, 0.31283270645163647, 0.3094813706579396, 0.30615052114155195, 0.3027786728589405, 0.2993830605238122, 0.2958779888828055, 0.29220824446508353, 0.049480180721324096, 0.048836376873869915, 0.04821857020109383, 0.04767363813794679, 0.04712642077060815, 0.046632339626065125, 0.04615380542794069, 0.04567458051236653, 0.04524376574218704, 0.044824925243622485, 0.044412832764983035, 0.04404519993345326], 'nondomLayer': [0], 'efeasible': 1, 'pheno': [3.162536219903431, 3.1283270645163648, 3.094813706579396, 3.0615052114155192, 3.027786728589405, 2.993830605238122, 2.9587798888280545, 2.9220824446508353, 0.49480180721324096, 0.48836376873869913, 0.4821857020109383, 0.4767363813794679, 0.47126420770608146, 0.4663233962606512, 0.46153805427940686, 0.4567458051236653, 0.45243765742187037, 0.4482492524362248, 0.44412832764983035, 0.4404519993345326], 'violations': [0, 0], 'id': 103}, 210210, 2001)
run is 22
({'violation_objectives': [0.0, 0.0], 'extrainfo': {'generation': 1992, 'constraints': [-2.262043330425456e-09, -120.06734660156606], 'filename': None}, 'objectives': [-0.8036190839820037], 'genes': [0.316250812486793, 0.3128275385258454, 0.3094707693398023, 0.3061363873253406, 0.30279823729377525, 0.2993834337317953, 0.29587377076254656, 0.29219453408958684, 0.049488991979093, 0.048857658239019504, 0.04822299747796015, 0.04767849912690014, 0.04712322761052057, 0.046633847665981706, 0.04613716785976954, 0.04566626107042024, 0.04525393332462149, 0.04481170952402609, 0.04442298874774094, 0.04403257366185603], 'nondomLayer': [0], 'efeasible': 1, 'pheno': [3.16250812486793, 3.128275385258454, 3.0947076933980227, 3.061363873253406, 3.0279823729377524, 2.9938343373179532, 2.9587377076254655, 2.9219453408958684, 0.49488991979093, 0.488576582390195, 0.4822299747796015, 0.4767849912690014, 0.4712322761052057, 0.4663384766598171, 0.4613716785976954, 0.4566626107042024, 0.4525393332462149, 0.4481170952402609, 0.44422988747740944, 0.4403257366185603], 'violations': [0, 0], 'id': 27}, 210210, 2001)
run is 21
({'violation_objectives': [0.0, 0.0], 'extrainfo': {'generation': 1986, 'constraints': [-5.326619145762379e-10, -120.06749970249726], 'filename': None}, 'objectives': [-0.8036190943027335], 'genes': [0.31624208367733997, 0.3128261639945204, 0.30948102959607127, 0.3061410282318604, 0.30279544340078324, 0.29937748517566726, 0.2958656780373319, 0.2921913302014002, 0.04946795527381032, 0.04883820439406108, 0.04822815038035611, 0.04768251525701768, 0.0471363396157305, 0.04662127770130102, 0.046136181294184446, 0.04569547256344697, 0.04524535466903494, 0.04482562603462262, 0.04442010355282364, 0.04403260669890945], 'nondomLayer': [0], 'efeasible': 1, 'pheno': [3.1624208367734, 3.128261639945204, 3.0948102959607127, 3.061410282318604, 3.0279544340078326, 2.9937748517566725, 2.958656780373319, 2.9219133020140022, 0.4946795527381032, 0.4883820439406108, 0.4822815038035611, 0.47682515257017677, 0.471363396157305, 0.4662127770130102, 0.4613618129418445, 0.4569547256344697, 0.45245354669034943, 0.4482562603462262, 0.44420103552823637, 0.44032606698909454], 'violations': [0, 0], 'id': 49}, 210210, 2001)
run is 20
({'violation_objectives': [0.0, 0.0], 'extrainfo': {'generation': 1998, 'constraints': [-2.496003403962277e-11, -120.06727589552611], 'filename': None}, 'objectives': [-0.8036190980644157], 'genes': [0.31625100545617596, 0.31283794147487837, 0.3094805697292255, 0.3061361140070279, 0.30279875360029934, 0.2993829434716698, 0.2958713891663672, 0.29218807170346084, 0.04947900473498647, 0.048835791303365954, 0.048234950322984846, 0.04765819363829005, 0.047135728918323225, 0.04662935174698592, 0.04614174365388507, 0.045682169053448976, 0.04523334043579199, 0.04482246131111798, 0.044429852703357156, 0.044043034015746996], 'nondomLayer': [0], 'efeasible': 1, 'pheno': [3.1625100545617597, 3.1283794147487836, 3.094805697292255, 3.0613611400702787, 3.0279875360029935, 2.993829434716698, 2.9587138916636717, 2.9218807170346084, 0.49479004734986465, 0.48835791303365955, 0.4823495032298485, 0.4765819363829005, 0.4713572891832323, 0.46629351746985914, 0.4614174365388507, 0.45682169053448973, 0.4523334043579199, 0.4482246131111798, 0.44429852703357153, 0.44043034015746996], 'violations': [0, 0], 'id': 70}, 210210, 2001)
run is 19
({'violation_objectives': [0.0, 0.0], 'extrainfo': {'generation': 1987, 'constraints': [-6.1764339198688845e-09, -120.06742511935475], 'filename': None}, 'objectives': [-0.8036190709000628], 'genes': [0.31624917307124867, 0.31283684939600664, 0.3094779917769254, 0.3061355150981885, 0.3027844082746814, 0.299385664883192, 0.2958649937368886, 0.29219455589767207, 0.04950375771878475, 0.04881562300247145, 0.048235159471253626, 0.04767305520518788, 0.04710544345052015, 0.046635002125486706, 0.046141748133350084, 0.04566965838470155, 0.04524812776123085, 0.04481157407386488, 0.04445231774820948, 0.044036868854659475], 'nondomLayer': [0], 'efeasible': 1, 'pheno': [3.1624917307124867, 3.1283684939600667, 3.0947799177692543, 3.0613551509818846, 3.027844082746814, 2.9938566488319203, 2.9586499373688864, 2.921945558976721, 0.49503757718784747, 0.4881562300247145, 0.48235159471253625, 0.4767305520518788, 0.4710544345052015, 0.4663500212548671, 0.46141748133350086, 0.4566965838470155, 0.4524812776123085, 0.4481157407386488, 0.4445231774820948, 0.4403686885465947], 'violations': [0, 0], 'id': 43}, 210210, 2001)
run is 18
({'violation_objectives': [0.0, 0.0], 'extrainfo': {'generation': 1977, 'constraints': [-2.725527581404208e-10, -120.06728729921636], 'filename': None}, 'objectives': [-0.8036190997081295], 'genes': [0.31625735248873577, 0.31282764747833175, 0.30948319122175794, 0.3061474478231805, 0.3027950209061352, 0.2993826166468164, 0.29586727524383527, 0.29218567726063976, 0.04947522680254266, 0.04883842433972216, 0.04823335512040286, 0.04766481441222367, 0.04711709500506464, 0.04662446743126205, 0.04614029357775867, 0.045685832531433365, 0.045248472031934696, 0.04483029234628344, 0.044426633045953165, 0.04404013436435051], 'nondomLayer': [0], 'efeasible': 1, 'pheno': [3.1625735248873577, 3.1282764747833176, 3.0948319122175794, 3.061474478231805, 3.027950209061352, 2.993826166468164, 2.9586727524383525, 2.9218567726063975, 0.4947522680254266, 0.4883842433972216, 0.4823335512040286, 0.4766481441222367, 0.4711709500506464, 0.4662446743126205, 0.46140293577758673, 0.4568583253143337, 0.45248472031934694, 0.4483029234628344, 0.4442663304595317, 0.4404013436435051], 'violations': [0, 0], 'id': 19}, 210105, 2000)
run is 17
({'violation_objectives': [0.0, 0.0], 'extrainfo': {'generation': 1994, 'constraints': [-1.1153800105745404e-10, -120.06758891946897], 'filename': None}, 'objectives': [-0.8036190934480587], 'genes': [0.31624190721343565, 0.3128231288968936, 0.3094829040174894, 0.30614100097556324, 0.3028060095182721, 0.29937157874683984, 0.2958633549345806, 0.2921783498565356, 0.04948323716645022, 0.04883975411060781, 0.04823325160473302, 0.047677881494292695, 0.047127391896329834, 0.046626405284524726, 0.046150489599246995, 0.04567620028093562, 0.0452402823506618, 0.044815017096075216, 0.04442096422133992, 0.044041998788294984], 'nondomLayer': [0], 'efeasible': 1, 'pheno': [3.1624190721343566, 3.1282312889689363, 3.094829040174894, 3.0614100097556323, 3.028060095182721, 2.9937157874683984, 2.958633549345806, 2.921783498565356, 0.4948323716645022, 0.4883975411060781, 0.4823325160473302, 0.47677881494292695, 0.47127391896329834, 0.46626405284524725, 0.46150489599246997, 0.4567620028093562, 0.452402823506618, 0.44815017096075216, 0.4442096422133992, 0.44041998788294984], 'violations': [0, 0], 'id': 44}, 210210, 2001)
run is 16
({'violation_objectives': [0.0, 0.0], 'extrainfo': {'generation': 1976, 'constraints': [-4.169266265563465e-09, -120.06731550254204], 'filename': None}, 'objectives': [-0.8036190988581453], 'genes': [0.31625144554361184, 0.31283498248708647, 0.3094845470691306, 0.30614205197364186, 0.3027935841584486, 0.29938540692202886, 0.2958684725704723, 0.29217957516599713, 0.04949463990193853, 0.04884127425336328, 0.04823267720684051, 0.047658489415588846, 0.047136496317323216, 0.046620242862349386, 0.04613830312536494, 0.04567787074944169, 0.04525029975704713, 0.04482618362004302, 0.044416834121418516, 0.04403507252466009], 'nondomLayer': [0], 'efeasible': 1, 'pheno': [3.1625144554361184, 3.1283498248708645, 3.0948454706913058, 3.0614205197364184, 3.027935841584486, 2.993854069220289, 2.958684725704723, 2.921795751659971, 0.4949463990193853, 0.48841274253363276, 0.48232677206840513, 0.47658489415588845, 0.4713649631732322, 0.46620242862349387, 0.4613830312536494, 0.4567787074944169, 0.4525029975704713, 0.44826183620043025, 0.44416834121418514, 0.4403507252466009], 'violations': [0, 0], 'id': 69}, 210105, 2000)
run is 15
({'violation_objectives': [0.0, 0.0], 'extrainfo': {'generation': 1993, 'constraints': [-3.3291318590755736e-08, -120.06733318407365], 'filename': None}, 'objectives': [-0.8036190164512045], 'genes': [0.3162620665281055, 0.31281514138815397, 0.30947840866284493, 0.30616744810427093, 0.30278409949172963, 0.2993724979752255, 0.29587016041921566, 0.2921911411147387, 0.049468696862732975, 0.048823001039630505, 0.048237894432953426, 0.04770790003713534, 0.047117130292313056, 0.046631021950540995, 0.0460932322768166, 0.04571185080194311, 0.045236371773955744, 0.044806324434971644, 0.044429447445637836, 0.044062846559718476], 'nondomLayer': [0], 'efeasible': 1, 'pheno': [3.162620665281055, 3.1281514138815396, 3.094784086628449, 3.0616744810427092, 3.0278409949172964, 2.993724979752255, 2.9587016041921563, 2.921911411147387, 0.49468696862732975, 0.48823001039630504, 0.48237894432953426, 0.4770790003713534, 0.4711713029231306, 0.46631021950540996, 0.46093232276816604, 0.4571185080194311, 0.4523637177395574, 0.44806324434971645, 0.4442944744563784, 0.44062846559718477], 'violations': [0, 0], 'id': 94}, 210210, 2001)
run is 14
({'violation_objectives': [0.0, 0.0], 'extrainfo': {'generation': 1993, 'constraints': [-5.852515361226551e-09, -120.06744466496028], 'filename': None}, 'objectives': [-0.8036190889138458], 'genes': [0.31624437698865143, 0.3128410672094318, 0.30946732914995173, 0.3061402019898167, 0.3027921990301836, 0.2993855205946203, 0.2958684919598849, 0.29218931920660723, 0.04946960316626821, 0.04883285773081552, 0.0482102181020546, 0.04768674202724891, 0.04713228011458215, 0.046625102519413486, 0.04614403679476087, 0.04567734751445509, 0.04525532483846156, 0.04482593626971294, 0.044428022967062206, 0.04403955532998999], 'nondomLayer': [0], 'efeasible': 1, 'pheno': [3.162443769886514, 3.1284106720943177, 3.094673291499517, 3.061402019898167, 3.027921990301836, 2.993855205946203, 2.958684919598849, 2.9218931920660722, 0.49469603166268206, 0.4883285773081552, 0.48210218102054603, 0.4768674202724891, 0.4713228011458215, 0.46625102519413486, 0.4614403679476087, 0.4567734751445509, 0.4525532483846156, 0.4482593626971294, 0.4442802296706221, 0.4403955532998999], 'violations': [0, 0], 'id': 73}, 210105, 2000)
run is 13
({'violation_objectives': [0.0, 0.0], 'extrainfo': {'generation': 1989, 'constraints': [-9.317820959253709e-10, -120.067532981943], 'filename': None}, 'objectives': [-0.8036190979128186], 'genes': [0.3162455190836655, 0.3128291664933921, 0.3094758920789259, 0.3061433871135991, 0.302799735117874, 0.2993783518729422, 0.29586323453680285, 0.2921799492937212, 0.04948980411825621, 0.048827217899252394, 0.04823009790633392, 0.04766886153993752, 0.047130990113395756, 0.046627446731805, 0.04615080023646089, 0.04568947993393742, 0.04524471461983428, 0.04482759900605613, 0.044414304114861095, 0.044030149994646564], 'nondomLayer': [0], 'efeasible': 1, 'pheno': [3.162455190836655, 3.128291664933921, 3.0947589207892587, 3.061433871135991, 3.02799735117874, 2.993783518729422, 2.9586323453680285, 2.921799492937212, 0.4948980411825621, 0.48827217899252395, 0.4823009790633392, 0.4766886153993752, 0.47130990113395754, 0.46627446731805, 0.4615080023646089, 0.45689479933937416, 0.4524471461983428, 0.4482759900605613, 0.4441430411486109, 0.4403014999464656], 'violations': [0, 0], 'id': 11}, 210210, 2001)
run is 12
({'violation_objectives': [0.0, 0.0], 'extrainfo': {'generation': 1999, 'constraints': [-9.14702225074393e-09, -120.06753276804689], 'filename': None}, 'objectives': [-0.8036190828851084], 'genes': [0.31625144067529426, 0.3128353197587564, 0.3094718751704422, 0.3061620542488205, 0.3027815882649681, 0.29936936980226847, 0.29586238999226216, 0.2921839884540059, 0.049479894686428175, 0.048809423454303495, 0.048229091690669, 0.04767110852872711, 0.0471296637290287, 0.04664181199742006, 0.046142684430483055, 0.045688068523481444, 0.0452503445893178, 0.044817395824389795, 0.044419302107210144, 0.04404990726703385], 'nondomLayer': [0], 'efeasible': 1, 'pheno': [3.1625144067529427, 3.128353197587564, 3.094718751704422, 3.061620542488205, 3.027815882649681, 2.9936936980226845, 2.9586238999226215, 2.921839884540059, 0.4947989468642817, 0.48809423454303497, 0.48229091690669, 0.4767110852872711, 0.47129663729028703, 0.46641811997420063, 0.46142684430483055, 0.45688068523481445, 0.45250344589317804, 0.44817395824389794, 0.44419302107210146, 0.4404990726703385], 'violations': [0, 0], 'id': 1}, 210210, 2001)
run is 11
({'violation_objectives': [0.0, 0.0], 'extrainfo': {'generation': 1972, 'constraints': [-1.3485225158760272e-09, -120.06720193545928], 'filename': None}, 'objectives': [-0.803619031401751], 'genes': [0.3162523614790804, 0.31285782635634174, 0.3094709499068669, 0.3061295185328845, 0.30279694701992677, 0.29940407354389564, 0.29585986194222075, 0.29217997472595814, 0.049525049418295324, 0.04885576972229098, 0.04819604942608851, 0.04767707445742912, 0.04711892073325292, 0.04663093788417905, 0.04611136869344942, 0.045667212572671714, 0.04526986012771998, 0.04483585935238297, 0.04441160026359083, 0.044028590295547336], 'nondomLayer': [0], 'efeasible': 1, 'pheno': [3.1625236147908042, 3.1285782635634174, 3.094709499068669, 3.061295185328845, 3.0279694701992677, 2.9940407354389564, 2.9585986194222076, 2.9217997472595814, 0.49525049418295325, 0.48855769722290976, 0.4819604942608851, 0.47677074457429125, 0.47118920733252917, 0.46630937884179047, 0.4611136869344942, 0.4566721257267171, 0.45269860127719985, 0.4483585935238297, 0.44411600263590834, 0.4402859029554734], 'violations': [0, 0], 'id': 68}, 210210, 2001)
run is 10
({'violation_objectives': [0.0, 0.0], 'extrainfo': {'generation': 1980, 'constraints': [-6.5760783485302454e-09, -120.0674434587503], 'filename': None}, 'objectives': [-0.8036190932320251], 'genes': [0.3162526192928018, 0.3128369316440432, 0.30947378252296204, 0.3061368973850643, 0.3028057154293032, 0.2993800565404948, 0.2958654277040049, 0.29217484149516926, 0.04949672561022874, 0.04881550904723945, 0.04823686159402115, 0.04766157460976281, 0.047132235316852907, 0.04663044764009853, 0.046143021655027365, 0.04568548708134028, 0.04524664719441224, 0.044823293877648586, 0.0444221370440224, 0.044035441440472056], 'nondomLayer': [0], 'efeasible': 1, 'pheno': [3.162526192928018, 3.128369316440432, 3.0947378252296205, 3.0613689738506427, 3.0280571542930317, 2.993800565404948, 2.9586542770400492, 2.9217484149516926, 0.4949672561022874, 0.48815509047239447, 0.4823686159402115, 0.4766157460976281, 0.47132235316852905, 0.46630447640098527, 0.46143021655027366, 0.4568548708134028, 0.4524664719441224, 0.44823293877648585, 0.444221370440224, 0.44035441440472056], 'violations': [0, 0], 'id': 31}, 210210, 2001)
run is 9
({'violation_objectives': [0.0, 0.0], 'extrainfo': {'generation': 1996, 'constraints': [-8.983028765285894e-10, -120.06740265353713], 'filename': None}, 'objectives': [-0.8036190984431087], 'genes': [0.31624699514602317, 0.3128351208907221, 0.30947875538699116, 0.3061478541782122, 0.3027914708498452, 0.2993807587223788, 0.2958612735413667, 0.2921895175759717, 0.04948204559303202, 0.048835207594612136, 0.048228370337191594, 0.04766444431234517, 0.04712756154954221, 0.046638706840903654, 0.04614117969183185, 0.045680377362525885, 0.045242397426240866, 0.04481702642520491, 0.04442444913349763, 0.04404622208784688], 'nondomLayer': [0], 'efeasible': 1, 'pheno': [3.1624699514602317, 3.1283512089072207, 3.0947875538699114, 3.0614785417821224, 3.027914708498452, 2.993807587223788, 2.9586127354136673, 2.921895175759717, 0.4948204559303202, 0.48835207594612134, 0.48228370337191595, 0.4766444431234517, 0.4712756154954221, 0.46638706840903654, 0.4614117969183185, 0.45680377362525887, 0.45242397426240866, 0.4481702642520491, 0.4442444913349763, 0.44046222087846876], 'violations': [0, 0], 'id': 75}, 210105, 2000)
run is 8
({'violation_objectives': [0.0, 0.0], 'extrainfo': {'generation': 1997, 'constraints': [-6.103515470812226e-09, -120.06777018199165], 'filename': None}, 'objectives': [-0.8036190699145205], 'genes': [0.31624457338271306, 0.31282686685750727, 0.30947283054970465, 0.30612760252756865, 0.3027788982105256, 0.2993848404090196, 0.2958635004601077, 0.29218968624586333, 0.04945923270757222, 0.04885663657858992, 0.0482356517967799, 0.04765040205263406, 0.04715640044119549, 0.046605313497292564, 0.04614558705414832, 0.045691112752687835, 0.04523517293437653, 0.044837225610358196, 0.04443533050598166, 0.04402611722620903], 'nondomLayer': [0], 'efeasible': 1, 'pheno': [3.1624457338271306, 3.128268668575073, 3.0947283054970463, 3.0612760252756868, 3.027788982105256, 2.993848404090196, 2.958635004601077, 2.9218968624586332, 0.4945923270757222, 0.4885663657858992, 0.48235651796779905, 0.47650402052634055, 0.4715640044119549, 0.46605313497292566, 0.4614558705414832, 0.45691112752687835, 0.45235172934376533, 0.44837225610358195, 0.44435330505981663, 0.4402611722620903], 'violations': [0, 0], 'id': 34}, 210210, 2001)
run is 7
({'violation_objectives': [0.0, 0.0], 'extrainfo': {'generation': 1991, 'constraints': [-1.0166724129234694e-09, -120.06727538412167], 'filename': None}, 'objectives': [-0.8036190671605294], 'genes': [0.3162429092120018, 0.3128443290606821, 0.30949011055527836, 0.3061477116147782, 0.30278710633670525, 0.29938465608883463, 0.29586298579206705, 0.2921853230329569, 0.049498543711210964, 0.04882810203965627, 0.0482201582155502, 0.047696039575595976, 0.04713359934925244, 0.046590550977631234, 0.04613636985405668, 0.04569984699440825, 0.04523939104078731, 0.044839670560216406, 0.044408799599301566, 0.04403625797686135], 'nondomLayer': [0], 'efeasible': 1, 'pheno': [3.162429092120018, 3.128443290606821, 3.0949011055527835, 3.061477116147782, 3.0278710633670523, 2.9938465608883464, 2.9586298579206707, 2.9218532303295692, 0.4949854371121096, 0.4882810203965627, 0.482201582155502, 0.4769603957559598, 0.47133599349252436, 0.46590550977631234, 0.4613636985405668, 0.45699846994408255, 0.4523939104078731, 0.44839670560216405, 0.4440879959930156, 0.4403625797686135], 'violations': [0, 0], 'id': 51}, 210210, 2001)
run is 6
({'violation_objectives': [0.0, 0.0], 'extrainfo': {'generation': 2001, 'constraints': [-1.3281689859034884e-08, -120.06738225366998], 'filename': None}, 'objectives': [-0.8036190693684827], 'genes': [0.3162574290704854, 0.3128514426733461, 0.30947368059127783, 0.3061373974196384, 0.3027973368492485, 0.299364716022817, 0.29585391363945124, 0.2921972157892767, 0.04946970010460419, 0.04883551836391527, 0.04823832369383531, 0.04766559517046225, 0.04714529015551294, 0.04664053788392447, 0.04614125880195543, 0.04567489532168417, 0.045245441266086706, 0.04482908369162256, 0.04439348124950927, 0.0440495168743478], 'nondomLayer': [0], 'efeasible': 1, 'pheno': [3.1625742907048537, 3.128514426733461, 3.0947368059127784, 3.061373974196384, 3.0279733684924848, 2.99364716022817, 2.9585391363945126, 2.921972157892767, 0.4946970010460419, 0.48835518363915265, 0.48238323693835305, 0.4766559517046225, 0.4714529015551294, 0.4664053788392447, 0.4614125880195543, 0.4567489532168417, 0.45245441266086706, 0.44829083691622557, 0.4439348124950927, 0.440495168743478], 'violations': [0, 0], 'id': 90}, 210210, 2001)
run is 5
({'violation_objectives': [0.0, 0.0], 'extrainfo': {'generation': 1981, 'constraints': [-4.227682870450167e-09, -120.06713759965427], 'filename': None}, 'objectives': [-0.803619096923458], 'genes': [0.31624731798177913, 0.31283931844575613, 0.3094834467820602, 0.30614761573002736, 0.3027876046917419, 0.2993943711048563, 0.29586904514027584, 0.2921949927188658, 0.04948837546963133, 0.04882429307226786, 0.04823308262704062, 0.04766296940297911, 0.04712283808120903, 0.04662341116695343, 0.046145469682018936, 0.04567899576361744, 0.04525143316168623, 0.044820157649402274, 0.044427322220374675, 0.044044179142029294], 'nondomLayer': [0], 'efeasible': 1, 'pheno': [3.162473179817791, 3.128393184457561, 3.094834467820602, 3.0614761573002736, 3.027876046917419, 2.993943711048563, 2.9586904514027585, 2.921949927188658, 0.4948837546963133, 0.48824293072267866, 0.4823308262704062, 0.47662969402979105, 0.47122838081209034, 0.46623411166953427, 0.46145469682018936, 0.4567899576361744, 0.4525143316168623, 0.44820157649402276, 0.44427322220374676, 0.44044179142029294], 'violations': [0, 0], 'id': 11}, 210105, 2000)
run is 4
({'violation_objectives': [0.0, 0.0], 'extrainfo': {'generation': 1978, 'constraints': [-9.937672906801254e-10, -120.06759689057387], 'filename': None}, 'objectives': [-0.8036190894878037], 'genes': [0.31624521183096094, 0.31283865056219223, 0.30947975278822554, 0.3061520262531967, 0.30277734862467953, 0.29936397702385326, 0.2958683495200802, 0.292181381603528, 0.04947996080567078, 0.04885423152172804, 0.04823448645077622, 0.047676203543424236, 0.04712319669626071, 0.04661952453485663, 0.046135865296004414, 0.04568500883920932, 0.045249317938199085, 0.04482005450289747, 0.044428771539447784, 0.04402699106742188], 'nondomLayer': [0], 'efeasible': 1, 'pheno': [3.1624521183096093, 3.1283865056219224, 3.0947975278822555, 3.061520262531967, 3.0277734862467955, 2.9936397702385324, 2.958683495200802, 2.9218138160352805, 0.49479960805670775, 0.4885423152172804, 0.4823448645077622, 0.47676203543424234, 0.47123196696260705, 0.46619524534856627, 0.46135865296004414, 0.4568500883920932, 0.45249317938199085, 0.4482005450289747, 0.44428771539447787, 0.44026991067421883], 'violations': [0, 0], 'id': 88}, 210315, 2002)
run is 3
({'violation_objectives': [0.0, 0.0], 'extrainfo': {'generation': 1996, 'constraints': [-6.541658326142397e-09, -120.06731075382216], 'filename': None}, 'objectives': [-0.8036190807838006], 'genes': [0.31624582806685336, 0.3128465786206785, 0.30947968637137185, 0.3061482160888263, 0.3028001214467602, 0.29937188600677933, 0.29585740528333626, 0.29218830967429066, 0.049485739386038605, 0.04884961150418992, 0.04824711090141614, 0.047676037908885714, 0.047131276498712314, 0.046614552442746586, 0.04614224542307431, 0.04568676994403442, 0.04525228871162722, 0.044825258690902654, 0.044401095265842745, 0.044018906381416846], 'nondomLayer': [0], 'efeasible': 1, 'pheno': [3.1624582806685337, 3.128465786206785, 3.0947968637137184, 3.061482160888263, 3.028001214467602, 2.9937188600677933, 2.9585740528333626, 2.9218830967429064, 0.4948573938603861, 0.4884961150418992, 0.4824711090141614, 0.47676037908885716, 0.47131276498712316, 0.4661455244274659, 0.46142245423074313, 0.4568676994403442, 0.4525228871162722, 0.44825258690902653, 0.44401095265842744, 0.44018906381416845], 'violations': [0, 0], 'id': 57}, 210105, 2000)
run is 2
({'violation_objectives': [0.0, 0.0], 'extrainfo': {'generation': 1987, 'constraints': [-7.43333838926219e-10, -120.06740865865714], 'filename': None}, 'objectives': [-0.8036190947813714], 'genes': [0.3162404437845493, 0.31282451038400766, 0.3094885855093225, 0.3061491327742631, 0.3027897550138359, 0.29938177375669356, 0.2958734427423174, 0.2921856067939838, 0.049475937516177675, 0.04882192905134467, 0.048235669969963445, 0.047662346082101265, 0.047115817688615766, 0.04662790924329739, 0.04614528812814167, 0.045693303226019444, 0.045252222826866466, 0.04482367779904645, 0.044427868045331914, 0.04404391379840662], 'nondomLayer': [0], 'efeasible': 1, 'pheno': [3.1624044378454927, 3.1282451038400767, 3.0948858550932252, 3.061491327742631, 3.027897550138359, 2.9938177375669355, 2.958734427423174, 2.921856067939838, 0.49475937516177676, 0.4882192905134467, 0.48235669969963446, 0.47662346082101265, 0.4711581768861577, 0.46627909243297394, 0.4614528812814167, 0.45693303226019444, 0.4525222282686647, 0.4482367779904645, 0.44427868045331914, 0.4404391379840662], 'violations': [0, 0], 'id': 68}, 210210, 2001)
run is 1
({'violation_objectives': [0.0, 0.0], 'extrainfo': {'generation': 1996, 'constraints': [-2.9160711401132744e-08, -120.06716576999091], 'filename': None}, 'objectives': [-0.803619078444882], 'genes': [0.3162524164313547, 0.3128323809580167, 0.30947267177638293, 0.3061531015313196, 0.30279283942494273, 0.29938350872652403, 0.295872876502675, 0.2922014160128914, 0.049477558206005454, 0.04882138073823758, 0.04823060398822279, 0.04764533210591081, 0.047156001863059224, 0.0466358200023253, 0.04613774793771659, 0.04567163314752636, 0.04525776818098254, 0.044816136106439496, 0.044432755567389036, 0.0440394737929882], 'nondomLayer': [0], 'efeasible': 1, 'pheno': [3.162524164313547, 3.128323809580167, 3.0947267177638293, 3.0615310153131956, 3.027928394249427, 2.99383508726524, 2.95872876502675, 2.922014160128914, 0.49477558206005456, 0.4882138073823758, 0.4823060398822279, 0.47645332105910815, 0.47156001863059227, 0.466358200023253, 0.4613774793771659, 0.45671633147526364, 0.4525776818098254, 0.44816136106439497, 0.4443275556738904, 0.440394737929882], 'violations': [0, 0], 'id': 50}, 210105, 2000)
maxo is -0.803619016451
mino is -0.803619099708
the average is -0.803619082552
variance is 2.00113314015e-08
the generation is [2001, 2001, 2001, 2001, 2001, 2001, 2001, 2000, 2001, 2000, 2001, 2000, 2001, 2001, 2001, 2001, 2000, 2001, 2001, 2001, 2000, 2002, 2000, 2001, 2000]
the average generation is 2000.76
variance generation is 0.512249938995
the evaTime is [210210, 210210, 210210, 210210, 210210, 210210, 210210, 210105, 210210, 210105, 210210, 210105, 210210, 210210, 210210, 210210, 210105, 210210, 210210, 210210, 210105, 210315, 210105, 210210, 210105]
the average evaTime is 210184.8
variance evaTime 53.7862435944
