this is nsga_ii
run is 25
({'violation_objectives': [0.0, 0.0], 'extrainfo': {'generation': 1999, 'constraints': [-1.4522413493978092e-08, -1.8202361928842947e-07, -1.2118945846850693e-09, -2.5249883805145146e-05, -5.534047886612825e-09, -1.2351434470758704e-06, -6.148463480797233, -50.02393479013808], 'filename': None}, 'objectives': [24.30621201651814], 'genes': [0.6086011261071579, 0.6181777852946944, 0.9386890296802788, 0.7547678404408413, 0.5495246933191055, 0.5715129187723594, 0.5660864899801388, 0.9914406709235769, 0.9140080818511123, 0.918793485524141], 'nondomLayer': [0], 'efeasible': 1, 'pheno': [2.1720225221431573, 2.363555705893887, 8.773780593605576, 5.0953568088168275, 0.9904938663821099, 1.4302583754471883, 1.3217297996027746, 9.828813418471537, 8.280161637022246, 8.37586971048282], 'violations': [0, 0, 0, 0, 0, 0, 0, 0], 'id': 20}, 210210, 2001)
run is 24
({'violation_objectives': [0.0, 0.0], 'extrainfo': {'generation': 1997, 'constraints': [-1.5010422345085317e-06, -3.023393066570179e-06, -6.236417569027708e-07, -0.00012851995683149653, -6.101546340175901e-06, -3.208619105521393e-06, -6.143156166676448, -50.02789373001238], 'filename': None}, 'objectives': [24.306250140260047], 'genes': [0.6086330871097314, 0.6181056953770407, 0.938689471611734, 0.7548280101557653, 0.5495280955750538, 0.5715536078704978, 0.5661445396768932, 0.9914858576282709, 0.9141074984368178, 0.9188421086212036], 'nondomLayer': [0], 'efeasible': 1, 'pheno': [2.1726617421946273, 2.362113907540815, 8.773789432234679, 5.096560203115306, 0.9905619115010751, 1.4310721574099556, 1.3228907935378622, 9.829717152565419, 8.282149968736356, 8.376842172424073], 'violations': [0, 0, 0, 0, 0, 0, 0, 0], 'id': 34}, 210000, 1999)
run is 23
({'violation_objectives': [0.0, 0.0], 'extrainfo': {'generation': 1998, 'constraints': [-7.03985847394506e-09, -5.498907178491663e-07, -1.8384604061338905e-08, -4.313754274676285e-06, -7.231734144852453e-08, -4.338186911923003e-07, -6.146497800420221, -50.017774121463475], 'filename': None}, 'objectives': [24.30621415764024], 'genes': [0.6086109615766776, 0.6181571393062228, 0.9386925627366736, 0.7548018773480129, 0.5495329358686182, 0.5715414651612152, 0.5661034943736335, 0.9914534377701204, 0.9140042307293471, 0.9187238702824955], 'nondomLayer': [0], 'efeasible': 1, 'pheno': [2.1722192315335516, 2.363142786124456, 8.773851254733472, 5.0960375469602575, 0.990658717372364, 1.4308293032243036, 1.3220698874726704, 9.829068755402407, 8.280084614586944, 8.374477405649909], 'violations': [0, 0, 0, 0, 0, 0, 0, 0], 'id': 43}, 210000, 1999)
run is 22
({'violation_objectives': [0.0, 0.0], 'extrainfo': {'generation': 1999, 'constraints': [-4.965542359514075e-07, -3.070855406406281e-06, -6.528470883893078e-07, -0.00012184081268173941, -2.1264837357648503e-06, -1.3850447295737922e-06, -6.149226092523982, -50.02456455465281], 'filename': None}, 'objectives': [24.30622086629009], 'genes': [0.6085908100132321, 0.6182096007981905, 0.9387065525566431, 0.754831734542837, 0.549551085759328, 0.5715598467729918, 0.5660629965160743, 0.9914197467418477, 0.9139841209213214, 0.9188066793697431], 'nondomLayer': [0], 'efeasible': 1, 'pheno': [2.171816200264642, 2.364192015963811, 8.774131051132862, 5.096634690856741, 0.9910217151865588, 1.4311969354598357, 1.3212599303214851, 9.828394934836954, 8.279682418426429, 8.376133587394861], 'violations': [0, 0, 0, 0, 0, 0, 0, 0], 'id': 16}, 210000, 1999)
run is 21
({'violation_objectives': [0.0, 0.0], 'extrainfo': {'generation': 1999, 'constraints': [-9.890704816939433e-06, -2.144115205737762e-05, -2.1318411498327805e-06, -0.001027808891635118, -8.571755387265512e-06, -1.1977507448079905e-05, -6.147518764337725, -49.99389891711921], 'filename': None}, 'objectives': [24.306333465090006], 'genes': [0.6085974154628877, 0.6181896873084108, 0.9386933007258427, 0.7547872124507706, 0.5495518604734992, 0.571570904056907, 0.5660778392388779, 0.9914327694208653, 0.9138594630980091, 0.9184487364979115], 'nondomLayer': [0], 'efeasible': 1, 'pheno': [2.171948309257754, 2.3637937461682164, 8.773866014516855, 5.095744249015413, 0.9910372094699849, 1.4314180811381405, 1.3215567847775578, 9.828655388417307, 8.277189261960181, 8.368974729958229], 'violations': [0, 0, 0, 0, 0, 0, 0, 0], 'id': 62}, 210000, 1999)
run is 20
({'violation_objectives': [0.0, 0.0], 'extrainfo': {'generation': 1997, 'constraints': [-2.016462019582832e-08, -1.6559342377320263e-06, -4.961820110338522e-08, -1.9575957537654176e-05, -1.0976123121508863e-08, -2.4770853812583482e-08, -6.148261547714355, -50.029772784101624], 'filename': None}, 'objectives': [24.306213452500685], 'genes': [0.6086030905867381, 0.6181759560916472, 0.9386945830209997, 0.7547972624842442, 0.5495275514909282, 0.5715203334035601, 0.5660886106921864, 0.9914415209181267, 0.9140399185098037, 0.918863391259659], 'nondomLayer': [0], 'efeasible': 1, 'pheno': [2.1720618117347623, 2.363519121832944, 8.773891660419995, 5.095945249684883, 0.9905510298185654, 1.4304066680712033, 1.3217722138437278, 9.828830418362532, 8.280798370196074, 8.37726782519318], 'violations': [0, 0, 0, 0, 0, 0, 0, 0], 'id': 95}, 210000, 1999)
run is 19
({'violation_objectives': [0.0, 0.0], 'extrainfo': {'generation': 1997, 'constraints': [-4.7632146049636503e-07, -7.524504752609573e-07, -1.508238156588959e-08, -2.7284320708531595e-05, -5.609463755718025e-07, -4.809141657347027e-06, -6.14742880536371, -50.03065563296324], 'filename': None}, 'objectives': [24.30622371102779], 'genes': [0.6085992085122269, 0.6181784158425626, 0.938681188850016, 0.7547278032765545, 0.5495370283384974, 0.5715415490230416, 0.5660850699992044, 0.991440696991091, 0.9140347742292337, 0.9188685177437989], 'nondomLayer': [0], 'efeasible': 1, 'pheno': [2.1719841702445386, 2.363568316851252, 8.773623777000317, 5.094556065531091, 0.9907405667699472, 1.430830980460831, 1.3217013999840876, 9.82881393982182, 8.280695484584676, 8.377370354875978], 'violations': [0, 0, 0, 0, 0, 0, 0, 0], 'id': 54}, 210000, 1999)
run is 18
({'violation_objectives': [0.0, 0.0], 'extrainfo': {'generation': 2000, 'constraints': [-2.2053328052606957e-08, -1.7342749458748585e-09, -1.2310117369906948e-09, -3.707354409243635e-06, -3.491564370960987e-08, -6.358335191691822e-08, -6.148712590022331, -50.02442393353456], 'filename': None}, 'objectives': [24.306209591615392], 'genes': [0.6086015103491405, 0.6181811145257474, 0.9386979632915475, 0.7548101116938384, 0.5495274464234281, 0.5715177049726247, 0.5660848466400906, 0.9914381027547007, 0.9140109340776473, 0.918802408354079], 'nondomLayer': [0], 'efeasible': 1, 'pheno': [2.172030206982809, 2.3636222905149484, 8.77395926583095, 5.096202233876767, 0.9905489284685629, 1.4303540994524937, 1.321696932801812, 9.828762055094014, 8.280218681552945, 8.376048167081581], 'violations': [0, 0, 0, 0, 0, 0, 0, 0], 'id': 49}, 210315, 2002)
run is 17
({'violation_objectives': [0.0, 0.0], 'extrainfo': {'generation': 1997, 'constraints': [-1.2505528133033295e-06, -9.40386151171424e-07, -2.3823952233215095e-07, -6.638599818131752e-05, -3.318795457118995e-06, -7.019188679180388e-07, -6.14729461968718, -50.015965518248265], 'filename': None}, 'objectives': [24.306219575974026], 'genes': [0.6086022445178676, 0.6181783003403748, 0.9386953718261917, 0.7547997217073765, 0.5495435282926263, 0.5715565431331376, 0.5660868280317884, 0.9914399935327091, 0.9139736746894328, 0.9187035149484746], 'nondomLayer': [0], 'efeasible': 1, 'pheno': [2.172044890357352, 2.3635660068074955, 8.773907436523835, 5.095994434147531, 0.9908705658525268, 1.4311308626627532, 1.3217365606357685, 9.82879987065418, 8.279473493788657, 8.374070298969492], 'violations': [0, 0, 0, 0, 0, 0, 0, 0], 'id': 51}, 210000, 1999)
run is 16
({'violation_objectives': [0.0, 0.0], 'extrainfo': {'generation': 1996, 'constraints': [-1.3319104397169212e-06, -1.488461478516001e-07, -3.017438423569274e-07, -4.146302316598849e-06, -2.3694425976827915e-07, -5.627909338556947e-07, -6.149507337827011, -50.01963208929496], 'filename': None}, 'objectives': [24.30621852524228], 'genes': [0.6086069989623735, 0.6181659657594127, 0.9386922420419083, 0.7547932601680193, 0.5494997423867616, 0.5714600136134232, 0.5660963582070238, 0.9914479092643325, 0.9140028350545923, 0.9187450650899961], 'nondomLayer': [0], 'efeasible': 1, 'pheno': [2.1721399792474685, 2.3633193151882548, 8.773844840838166, 5.095865203360386, 0.9899948477352325, 1.4292002722684654, 1.321927164140476, 9.828958185286648, 8.280056701091848, 8.374901301799923], 'violations': [0, 0, 0, 0, 0, 0, 0, 0], 'id': 43}, 210000, 1999)
run is 15
({'violation_objectives': [0.0, 0.0], 'extrainfo': {'generation': 1999, 'constraints': [-1.9505438615396997e-06, -1.1727618343115864e-07, -4.98643863977577e-08, -0.0002487996308389029, -3.297221148557128e-06, -1.1722869146524317e-06, -6.1495209453797735, -50.04511969949982], 'filename': None}, 'objectives': [24.306258163871632], 'genes': [0.6085827834021741, 0.6182295427702184, 0.9387098564247406, 0.7548335387732961, 0.5495676520460463, 0.5715894233494072, 0.5660473849628589, 0.9914070233223996, 0.9140590775668826, 0.9190461043253384], 'nondomLayer': [0], 'efeasible': 1, 'pheno': [2.1716556680434813, 2.3645908554043675, 8.774197128494812, 5.09667077546592, 0.9913530409209255, 1.431788466988145, 1.3209476992571787, 9.82814046644799, 8.281181551337653, 8.380922086506768], 'violations': [0, 0, 0, 0, 0, 0, 0, 0], 'id': 104}, 210000, 1999)
run is 14
({'violation_objectives': [0.0, 0.0], 'extrainfo': {'generation': 1994, 'constraints': [-1.16639853331435e-08, -3.7325833908141703e-06, -8.100326986948403e-07, -3.76055903075212e-05, -1.0976376685789546e-05, -3.7154707825948208e-06, -6.145557289272755, -50.017697115221345], 'filename': None}, 'objectives': [24.306226316479247], 'genes': [0.6086184456051992, 0.6181400832170779, 0.9386923731553038, 0.7548146872767103, 0.5495292603179657, 0.5715406635659059, 0.5661171931586535, 0.9914641533762861, 0.9140228103704421, 0.918723346973204], 'nondomLayer': [0], 'efeasible': 1, 'pheno': [2.172368912103984, 2.362801664341559, 8.773847463106076, 5.096293745534206, 0.990585206359313, 1.4308132713181188, 1.3223438631730708, 9.829283067525722, 8.280456207408843, 8.374466939464082], 'violations': [0, 0, 0, 0, 0, 0, 0, 0], 'id': 25}, 210000, 1999)
run is 13
({'violation_objectives': [0.0, 0.0], 'extrainfo': {'generation': 1999, 'constraints': [-7.870429925560529e-07, -1.2220881693281171e-06, -1.1530718069252544e-07, -0.000150854231918629, -7.133638106893159e-07, -6.531951180832607e-06, -6.145419801684007, -50.02181021919603], 'filename': None}, 'objectives': [24.30623282599275], 'genes': [0.6086254110197049, 0.6181205364751717, 0.9386839523148147, 0.7547885459913516, 0.5495094360265987, 0.5715034183434194, 0.5661319740400483, 0.9914768395903685, 0.9140599343142656, 0.9187687310646954], 'nondomLayer': [0], 'efeasible': 1, 'pheno': [2.172508220394098, 2.3624107295034342, 8.773679046296294, 5.095770919827032, 0.9901887205319753, 1.4300683668683885, 1.3226394808009658, 9.82953679180737, 8.281198686285311, 8.375374621293908], 'violations': [0, 0, 0, 0, 0, 0, 0, 0], 'id': 30}, 210000, 1999)
run is 12
({'violation_objectives': [0.0, 0.0], 'extrainfo': {'generation': 1999, 'constraints': [-2.0689142843366426e-07, -3.9962110065516754e-08, -2.787711395058068e-08, -3.3835772455859114e-05, -1.3605112769710104e-07, -6.635714591141095e-07, -6.147022074343283, -50.03768753166119], 'filename': None}, 'objectives': [24.30623479696282], 'genes': [0.6086151883490368, 0.6181496802831923, 0.9386969423243817, 0.7548300996402132, 0.5495198903522827, 0.5715143542657087, 0.5661100112836263, 0.9914578742993553, 0.9141073437467985, 0.9189572869509689], 'nondomLayer': [0], 'efeasible': 1, 'pheno': [2.172303766980736, 2.3629936056638456, 8.773938846487635, 5.096601992804263, 0.9903978070456532, 1.4302870853141751, 1.3222002256725247, 9.829157485987107, 8.282146874935968, 8.379145739019378], 'violations': [0, 0, 0, 0, 0, 0, 0, 0], 'id': 40}, 210000, 1999)
run is 11
({'violation_objectives': [0.0, 0.0], 'extrainfo': {'generation': 1998, 'constraints': [-2.999935588832159e-08, -7.82361553319788e-09, -1.4080715260433863e-08, -6.375673024194839e-06, -5.157475868600159e-07, -7.096691376773379e-07, -6.146531584719032, -50.020500821507184], 'filename': None}, 'objectives': [24.306217197602408], 'genes': [0.6086166885194982, 0.6181418218395996, 0.9386876212392566, 0.7547891143492085, 0.5495158727874017, 0.5715086740728653, 0.566115231756955, 0.991463314499434, 0.9140316019892081, 0.9187540730866448], 'nondomLayer': [0], 'efeasible': 1, 'pheno': [2.1723337703899652, 2.3628364367919925, 8.773752424785133, 5.09578228698417, 0.9903174557480341, 1.430173481457306, 1.3223046351390995, 9.82926628998868, 8.280632039784162, 8.375081461732897], 'violations': [0, 0, 0, 0, 0, 0, 0, 0], 'id': 85}, 210000, 1999)
run is 10
({'violation_objectives': [0.0, 0.0], 'extrainfo': {'generation': 1989, 'constraints': [-1.3527588293982262e-07, -2.7295748985523005e-06, -1.3993805225709366e-08, -6.029915198269009e-06, -1.6433101279744733e-07, -4.1064747868801987e-07, -6.149716794192106, -50.023452228524505], 'filename': None}, 'objectives': [24.306228731464223], 'genes': [0.6085872808561313, 0.6182228342452868, 0.9387179486208305, 0.7548779119715535, 0.5495608636412933, 0.5715765143450436, 0.566053645148778, 0.9914108482257311, 0.9139695749813477, 0.918797648623976], 'nondomLayer': [0], 'efeasible': 1, 'pheno': [2.1717456171226264, 2.3644566849057362, 8.77435897241661, 5.09755823943107, 0.9912172728258657, 1.4315302869008733, 1.3210729029755601, 9.828216964514624, 8.279391499626954, 8.375952972479517], 'violations': [0, 0, 0, 0, 0, 0, 0, 0], 'id': 33}, 210000, 1999)
run is 9
({'violation_objectives': [0.0, 0.0], 'extrainfo': {'generation': 1994, 'constraints': [-1.7427452263518717e-06, -3.0986785546360807e-06, -3.1257680390694986e-06, -0.0010420251397817992, -3.6138979808697513e-06, -6.5357304190882815e-06, -6.158868840373266, -49.99008518544881], 'filename': None}, 'objectives': [24.306528335204412], 'genes': [0.6085222186789938, 0.6183805468780381, 0.9387362856730698, 0.754853444833766, 0.5495947609210443, 0.5715842358228842, 0.5659293762436, 0.9913107147208192, 0.9136519211952575, 0.9184215532944074], 'nondomLayer': [0], 'efeasible': 1, 'pheno': [2.170444373579876, 2.3676109375607624, 8.774725713461397, 5.097068896675321, 0.9918952184208862, 1.431684716457685, 1.3185875248719992, 9.826214294416385, 8.273038423905149, 8.36843106588815], 'violations': [0, 0, 0, 0, 0, 0, 0, 0], 'id': 81}, 210000, 1999)
run is 8
({'violation_objectives': [0.0, 0.0], 'extrainfo': {'generation': 1999, 'constraints': [-2.233389793104834e-06, -5.242301998720222e-06, -2.1668993746004617e-06, -0.0001416144173305156, -6.045517977781856e-06, -1.4428344066175214e-05, -6.159418468732888, -50.048625145811194], 'filename': None}, 'objectives': [24.30642772705201], 'genes': [0.6086002161270364, 0.6182066532337184, 0.9387453045301425, 0.7550297065063936, 0.5494198313645274, 0.5712545107838106, 0.5660698931493129, 0.9914194930113013, 0.9141180867067005, 0.9191010596648086], 'nondomLayer': [0], 'efeasible': 1, 'pheno': [2.1720043225407277, 2.364133064674368, 8.774906090602851, 5.10059413012787, 0.9883966272905482, 1.425090215676212, 1.3213978629862577, 9.828389860226025, 8.28236173413401, 8.382021193296172], 'violations': [0, 0, 0, 0, 0, 0, 0, 0], 'id': 92}, 210000, 1999)
run is 7
({'violation_objectives': [0.0, 0.0], 'extrainfo': {'generation': 1999, 'constraints': [-9.668320899436367e-08, -1.5926708876179418e-06, -1.1355687234981815e-06, -9.349332671604316e-06, -3.4344958663723446e-06, -1.976183476415372e-06, -6.149015223220772, -50.02873436472826], 'filename': None}, 'objectives': [24.306217702069915], 'genes': [0.6086027915097801, 0.6181803578938648, 0.9387025141524565, 0.7548337079458194, 0.5495240336848891, 0.5715100404403288, 0.5660859881873377, 0.9914383338021563, 0.9140339727604967, 0.9188541521452042], 'nondomLayer': [0], 'efeasible': 1, 'pheno': [2.172055830195603, 2.363607157877297, 8.774050283049132, 5.096674158916388, 0.9904806736977818, 1.4302008088065765, 1.3217197637467528, 9.828766676043127, 8.280679455209935, 8.377083042904083], 'violations': [0, 0, 0, 0, 0, 0, 0, 0], 'id': 7}, 210000, 1999)
run is 6
({'violation_objectives': [0.0, 0.0], 'extrainfo': {'generation': 1993, 'constraints': [-1.3990586467116373e-10, -4.781922768870572e-08, -1.1367288976771306e-07, -3.3387953664032466e-06, -2.0129885314190687e-07, -8.244801499301957e-07, -6.14877039693085, -50.022019633791395], 'filename': None}, 'objectives': [24.306211294086275], 'genes': [0.6086051408863826, 0.6181722392048291, 0.9386965984336957, 0.7548102573701166, 0.5495175336284313, 0.5714986246936291, 0.5660918228530071, 0.9914437454424833, 0.9140090226613702, 0.9187742351545464], 'nondomLayer': [0], 'efeasible': 1, 'pheno': [2.1721028177276516, 2.3634447840965827, 8.773931968673914, 5.096205147402333, 0.9903506725686242, 1.429972493872583, 1.321836457060142, 9.828874908849667, 8.280180453227402, 8.375484703090926], 'violations': [0, 0, 0, 0, 0, 0, 0, 0], 'id': 33}, 210000, 1999)
run is 5
({'violation_objectives': [0.0, 0.0], 'extrainfo': {'generation': 1988, 'constraints': [-5.371234124140756e-08, -4.472092165030972e-06, -7.759218476621754e-07, -0.00019946100847789694, -3.501828516050409e-07, -8.458920071063858e-07, -6.149398051676158, -50.012469563042224], 'filename': None}, 'objectives': [24.30622950010993], 'genes': [0.6085940661008882, 0.6182011851751945, 0.9387040976326315, 0.7548265760723787, 0.549539775868142, 0.5715372935536004, 0.5660695118569873, 0.9914251491784244, 0.9139364359375147, 0.9186660300134745], 'nondomLayer': [0], 'efeasible': 1, 'pheno': [2.1718813220177644, 2.3640237035038894, 8.77408195265263, 5.096531521447574, 0.9907955173628391, 1.4307458710720073, 1.3213902371397452, 9.828502983568487, 8.278728718750294, 8.37332060026949], 'violations': [0, 0, 0, 0, 0, 0, 0, 0], 'id': 92}, 210000, 1999)
run is 4
({'violation_objectives': [0.0, 0.0], 'extrainfo': {'generation': 1999, 'constraints': [-7.183777057662155e-07, -9.854982017998282e-06, -8.14442277174976e-07, -1.6735735016482067e-05, -2.7864776228625487e-06, -3.0287253061089814e-07, -6.1451221160555285, -50.03178218906724], 'filename': None}, 'objectives': [24.306235243674287], 'genes': [0.6086205694016484, 0.618134504632729, 0.9386907309944158, 0.7548106816874273, 0.5495292958918379, 0.5715432739225923, 0.5661215079860921, 0.9914677430299057, 0.9140937669268295, 0.9188866647042659], 'nondomLayer': [0], 'efeasible': 1, 'pheno': [2.1724113880329696, 2.3626900926545797, 8.773814619888316, 5.096213633748546, 0.9905859178367571, 1.430865478451846, 1.3224301597218417, 9.829354860598116, 8.28187533853659, 8.377733294085317], 'violations': [0, 0, 0, 0, 0, 0, 0, 0], 'id': 99}, 210000, 1999)
run is 3
({'violation_objectives': [0.0, 0.0], 'extrainfo': {'generation': 1999, 'constraints': [-5.72854759184338e-07, -5.065507266976965e-07, -2.905778728745645e-08, -1.5160884245801753e-05, -7.538574209320359e-10, -2.4564373646285276e-07, -6.147048188130874, -50.03194372963854], 'filename': None}, 'objectives': [24.306223380087168], 'genes': [0.6085897519085522, 0.6182061484682387, 0.9386945227105383, 0.7547730111688877, 0.5495737350286544, 0.5716144145512012, 0.5660643241684902, 0.9914225770985922, 0.9140162239159638, 0.918887701350384], 'nondomLayer': [0], 'efeasible': 1, 'pheno': [2.1717950381710445, 2.364122969364775, 8.773890454210765, 5.095460223377755, 0.9914747005730877, 1.4322882910240242, 1.3212864833698035, 9.828451541971845, 8.280324478319276, 8.37775402700768], 'violations': [0, 0, 0, 0, 0, 0, 0, 0], 'id': 5}, 210000, 1999)
run is 2
({'violation_objectives': [0.0, 0.0], 'extrainfo': {'generation': 1998, 'constraints': [-3.0405544748646207e-09, -9.087131047635921e-10, -5.486100462803734e-10, -9.106844061079755e-07, -7.386116607221993e-08, -2.030880352776876e-09, -6.148635321439805, -50.02392175114675], 'filename': None}, 'objectives': [24.306209150121397], 'genes': [0.6085988376422715, 0.6181862667286341, 0.9386960635154775, 0.7547964259705819, 0.5495329027294522, 0.5715281255465933, 0.5660804817348513, 0.9914349734266966, 0.9140019260370867, 0.9187957312659798], 'nondomLayer': [0], 'efeasible': 1, 'pheno': [2.1719767528454312, 2.363725334572681, 8.77392127030955, 5.09592851941164, 0.9906580545890442, 1.4305625109318658, 1.321609634697026, 9.828699468533934, 8.280038520741734, 8.375914625319595], 'violations': [0, 0, 0, 0, 0, 0, 0, 0], 'id': 78}, 210105, 2000)
run is 1
({'violation_objectives': [0.0, 0.0], 'extrainfo': {'generation': 1997, 'constraints': [-6.990234169279574e-08, -6.057491575006679e-07, -1.4860275499017916e-07, -1.0749269080179147e-05, -6.150781572955566e-07, -8.366811421467446e-07, -6.149145065145362, -50.0259542838277], 'filename': None}, 'objectives': [24.30621148851155], 'genes': [0.608601607628024, 0.6181807647137307, 0.9386976742661997, 0.754808981669969, 0.549521025217998, 0.5715028908586798, 0.5660850978542105, 0.9914383373318626, 0.9140182926235241, 0.918820069475514], 'nondomLayer': [0], 'efeasible': 1, 'pheno': [2.1720321525604795, 2.3636152942746147, 8.773953485323993, 5.09617963339938, 0.9904205043599585, 1.430057817173596, 1.3217019570842083, 9.828766746637253, 8.280365852470482, 8.376401389510278], 'violations': [0, 0, 0, 0, 0, 0, 0, 0], 'id': 86}, 210000, 1999)
maxo is 24.3065283352
mino is 24.3062091501
the average is 24.3062482942
variance is 7.34370429358e-05
the generation is [2001, 1999, 1999, 1999, 1999, 1999, 1999, 2002, 1999, 1999, 1999, 1999, 1999, 1999, 1999, 1999, 1999, 1999, 1999, 1999, 1999, 1999, 1999, 2000, 1999]
the average generation is 1999.24
variance generation is 0.708801805867
the evaTime is [210210, 210000, 210000, 210000, 210000, 210000, 210000, 210315, 210000, 210000, 210000, 210000, 210000, 210000, 210000, 210000, 210000, 210000, 210000, 210000, 210000, 210000, 210000, 210105, 210000]
the average evaTime is 210025.2
variance evaTime 74.424189616
