this is nsga_ii
run is 25
({'violation_objectives': [0.0, 0.0], 'extrainfo': {'generation': 2000, 'constraints': [-81.79035328296507, -3.398241688046255e-10, -1.0743406164692715e-11, -5.906247224629624e-08, -2.3072743715601973e-10, -192.1299999997693, -0.29331594740380496, -1035.8683840525962, -0.0940752529560882, -23.660924747043914, -1.7846298061656682, -449.5725701938344, -337.68448248823, -239.32051751176994, -131.689549524737, -133.26545047526298, -1.008127347406472, -4.425872652593528, -0.0010113580128814637, -0.07498864198711855, -46.61618323397421, -118.75981676602578, -47.15206112254293, -316.2599388774571, -187.97290376759963, -329.2410962324004, -0.13924565217240925, -518.2357543478275, -1859.6857829089736, -315.1902170910266, -5850.039121609958, -12032.598878390041, -0.1827109471255269, -0.1402890528744731, -68915.66999988891, -1.1108932085335255e-07, -9275494.744691743, -67900.25530825742], 'filename': None}, 'objectives': [-1.905155258508044], 'genes': [0.003761620235454015, 1.0360994338208538e-12, 0.7636363636363822, 0.9492896830868428, 0.212573842561012], 'nondomLayer': [0], 'efeasible': 1, 'pheno': [705.1745370720888, 68.60000000022822, 102.9000000000025, 282.3249315935494, 37.58411639100084], 'violations': [0, 0, 0, 0, 0, 0, 0, 0, 0, 0, 0, 0, 0, 0, 0, 0, 0, 0, 0, 0, 0, 0, 0, 0, 0, 0, 0, 0, 0, 0, 0, 0, 0, 0, 0, 0, 0, 0], 'id': 47}, 210525, 2004)
run is 24
({'violation_objectives': [0.0, 0.0], 'extrainfo': {'generation': 2004, 'constraints': [-81.7903532834589, -4.4924775011168094e-10, -1.9184653865522705e-13, -7.721780548308743e-09, -7.593996542709647e-10, -192.12999999924062, -0.29331594745431033, -1035.8683840525457, -0.09407525302139597, -23.660924746978605, -1.7846298074065317, -449.5725701925935, -337.68448249015097, -239.32051750984897, -131.68954952635417, -133.2654504736458, -1.0081273474147352, -4.425872652585265, -0.001011358013709801, -0.07498864198629021, -46.61618323328476, -118.75981676671523, -47.152061129496815, -316.2599388705032, -187.97290377536035, -329.2410962246397, -0.13924565230598773, -518.235754347694, -1859.6857829158039, -315.1902170841963, -5850.039121522865, -12032.598878477134, -0.1827109471262096, -0.1402890528737904, -68915.6699997117, -2.8830254450440407e-07, -9275494.744678305, -67900.25532169454], 'filename': None}, 'objectives': [-1.9051552584994145], 'genes': [0.003761620259438868, 2.1948058912184084e-12, 0.7636363636384114, 0.9492896830785282, 0.21257384308227414], 'nondomLayer': [0], 'efeasible': 1, 'pheno': [705.1745370769331, 68.60000000048346, 102.90000000027594, 282.32493159276703, 37.58411642185893], 'violations': [0, 0, 0, 0, 0, 0, 0, 0, 0, 0, 0, 0, 0, 0, 0, 0, 0, 0, 0, 0, 0, 0, 0, 0, 0, 0, 0, 0, 0, 0, 0, 0, 0, 0, 0, 0, 0, 0], 'id': 66}, 210630, 2005)
run is 23
({'violation_objectives': [0.0, 0.0], 'extrainfo': {'generation': 2004, 'constraints': [-81.790353283699, -1.5613466075592441e-10, -3.100453227489197e-11, -2.5844485662673833e-08, -6.428990673157386e-11, -192.12999999993573, -0.2933159474283009, -1035.8683840525716, -0.0940752530103861, -23.660924746989615, -1.7846298071973479, -449.5725701928027, -337.6844824889957, -239.32051751100425, -131.6895495274043, -133.2654504725957, -1.0081273474169108, -4.42587265258309, -0.001011358013352337, -0.07498864198664767, -46.61618323319051, -118.75981676680948, -47.15206112951398, -316.25993887048605, -187.9729037748922, -329.24109622510787, -0.13924565228644425, -518.2357543477135, -1859.6857829158666, -315.19021708413356, -5850.039121520886, -12032.598878479113, -0.1827109471263066, -0.14028905287369342, -68915.66999966379, -3.3620744943618774e-07, -9275494.744678782, -67900.2553212177], 'filename': None}, 'objectives': [-1.9051552585063902], 'genes': [0.003761620257828055, 4.002950520726943e-13, 0.7636363636361864, 0.9492896830828098, 0.2125738429090771], 'nondomLayer': [0], 'efeasible': 1, 'pheno': [705.1745370766077, 68.60000000008817, 102.89999999997612, 282.32493159316994, 37.584116411605876], 'violations': [0, 0, 0, 0, 0, 0, 0, 0, 0, 0, 0, 0, 0, 0, 0, 0, 0, 0, 0, 0, 0, 0, 0, 0, 0, 0, 0, 0, 0, 0, 0, 0, 0, 0, 0, 0, 0, 0], 'id': 0}, 210525, 2004)
run is 22
({'violation_objectives': [0.0, 0.0], 'extrainfo': {'generation': 1992, 'constraints': [-81.79035328360604, -1.4738077425135998e-10, -4.781597340297594e-11, -1.7027787180268206e-08, -5.044853423896711e-11, -192.12999999994958, -0.2933159474141398, -1035.868384052586, -0.09407525300621522, -23.660924746993786, -1.7846298071181081, -449.5725701928819, -337.6844824890309, -239.320517510969, -131.68954952745054, -133.26545047254945, -1.0081273474168753, -4.425872652583125, -0.0010113580133407907, -0.07498864198665922, -46.61618323319463, -118.75981676680536, -47.152061129529216, -316.2599388704708, -187.97290377492197, -329.2410962250781, -0.13924565228048635, -518.2357543477194, -1859.6857829159067, -315.19021708409355, -5850.039121499252, -12032.598878500747, -0.18271094712605418, -0.14028905287394583, -68915.66999979348, -2.0652078092098236e-07, -9275494.744678887, -67900.25532111339], 'filename': None}, 'objectives': [-1.9051552585078069], 'genes': [0.0037616202578185025, 3.592421548908236e-13, 0.7636363636361507, 0.9492896830851414, 0.21257384299757284], 'nondomLayer': [0], 'efeasible': 1, 'pheno': [705.1745370766058, 68.60000000007913, 102.89999999997131, 282.32493159338935, 37.584116416844715], 'violations': [0, 0, 0, 0, 0, 0, 0, 0, 0, 0, 0, 0, 0, 0, 0, 0, 0, 0, 0, 0, 0, 0, 0, 0, 0, 0, 0, 0, 0, 0, 0, 0, 0, 0, 0, 0, 0, 0], 'id': 8}, 210525, 2004)
run is 21
({'violation_objectives': [0.0, 0.0], 'extrainfo': {'generation': 2004, 'constraints': [-81.79035328320012, -2.9119462396920426e-10, -1.609379296496627e-12, -4.4591274672711734e-08, -1.1951328815484885e-10, -192.1299999998805, -0.29331594741795897, -1035.868384052582, -0.09407525296715846, -23.660924747032844, -1.7846298063760173, -449.572570193624, -337.6844824881665, -239.32051751183343, -131.6895495252429, -133.26545047475707, -1.008127347408525, -4.425872652591475, -0.0010113580129199329, -0.07498864198708008, -46.616183233828295, -118.7598167661717, -47.15206112361602, -316.259938876384, -187.972903768646, -329.24109623135405, -0.13924565219341645, -518.2357543478065, -1859.6857829100163, -315.1902170899839, -5850.039121568783, -12032.598878431216, -0.1827109471257941, -0.1402890528742059, -68915.66999977875, -2.2124731913208961e-07, -9275494.744689688, -67900.25531031191], 'filename': None}, 'objectives': [-1.9051552585123215], 'genes': [0.0037616202387407097, 7.458466354779325e-13, 0.7636363636360314, 0.9492896830845119, 0.2125738427097296], 'nondomLayer': [0], 'efeasible': 1, 'pheno': [705.1745370727526, 68.60000000016429, 102.89999999995523, 282.3249315933301, 37.58411639980474], 'violations': [0, 0, 0, 0, 0, 0, 0, 0, 0, 0, 0, 0, 0, 0, 0, 0, 0, 0, 0, 0, 0, 0, 0, 0, 0, 0, 0, 0, 0, 0, 0, 0, 0, 0, 0, 0, 0, 0], 'id': 69}, 210525, 2004)
run is 20
({'violation_objectives': [0.0, 0.0], 'extrainfo': {'generation': 2003, 'constraints': [-81.79035328301387, -8.139124929584796e-10, -2.7888802378583932e-12, -1.9500532744132215e-08, -5.239542133494979e-10, -192.12999999947607, -0.2933159474301519, -1035.8683840525698, -0.09407525298925634, -23.660924747010746, -1.7846298067958628, -449.57257019320417, -337.68448248972504, -239.3205175102749, -131.68954952501923, -133.26545047498075, -1.0081273474127896, -4.425872652587211, -0.0010113580134382127, -0.0749886419865618, -46.6161832334587, -118.75981676654129, -47.1520611258228, -316.25993887417724, -187.97290377150728, -329.2410962284928, -0.13924565224063556, -518.2357543477593, -1859.685782912191, -315.1902170878093, -5850.039121536573, -12032.598878463426, -0.18271094712557914, -0.14028905287442087, -68915.66999994275, -5.7247234508395195e-08, -9275494.74468525, -67900.2553147506], 'filename': None}, 'objectives': [-1.9051552585034415], 'genes': [0.0037616202475379, 2.429422263733736e-12, 0.7636363636362806, 0.9492896830825053, 0.21257384296356327], 'nondomLayer': [0], 'efeasible': 1, 'pheno': [705.1745370745294, 68.60000000053515, 102.89999999998881, 282.3249315931413, 37.58411641483139], 'violations': [0, 0, 0, 0, 0, 0, 0, 0, 0, 0, 0, 0, 0, 0, 0, 0, 0, 0, 0, 0, 0, 0, 0, 0, 0, 0, 0, 0, 0, 0, 0, 0, 0, 0, 0, 0, 0, 0], 'id': 15}, 210420, 2003)
run is 19
({'violation_objectives': [0.0, 0.0], 'extrainfo': {'generation': 2003, 'constraints': [-81.7903532833488, -7.881482133598183e-10, -3.5846881019097054e-12, -6.415120878955349e-09, -2.858087100321427e-10, -192.12999999971422, -0.29331594744273914, -1035.8683840525573, -0.09407525300743202, -23.66092474699257, -1.784629807141215, -449.57257019285885, -337.6844824897519, -239.32051751024807, -131.68954952601825, -133.26545047398173, -1.0081273474174557, -4.4258726525825445, -0.0010113580135357458, -0.07498864198646427, -46.61618323312551, -118.75981676687448, -47.15206112804185, -316.2599388719582, -187.97290377373758, -329.24109622626247, -0.1392456522776051, -518.2357543477224, -1859.685782914377, -315.1902170856233, -5850.039121490698, -12032.598878509301, -0.18271094712593586, -0.14028905287406415, -68915.66999981557, -1.8443097360432148e-07, -9275494.744681126, -67900.2553188745], 'filename': None}, 'objectives': [-1.9051552585064169], 'genes': [0.0037616202544171495, 1.950217063704718e-12, 0.7636363636352967, 0.9492896830804327, 0.21257384310281835], 'nondomLayer': [0], 'efeasible': 1, 'pheno': [705.1745370759188, 68.60000000042959, 102.89999999985623, 282.32493159294626, 37.58411642307512], 'violations': [0, 0, 0, 0, 0, 0, 0, 0, 0, 0, 0, 0, 0, 0, 0, 0, 0, 0, 0, 0, 0, 0, 0, 0, 0, 0, 0, 0, 0, 0, 0, 0, 0, 0, 0, 0, 0, 0], 'id': 93}, 210420, 2003)
run is 18
({'violation_objectives': [0.0, 0.0], 'extrainfo': {'generation': 2001, 'constraints': [-81.79035328329525, -5.97410121372377e-10, -1.552180606267939e-11, -6.943253083591117e-09, -3.2446223485749215e-10, -192.12999999967556, -0.2933159474299387, -1035.86838405257, -0.0940752530000033, -23.660924746999996, -1.7846298070000728, -449.57257019299993, -337.6844824895266, -239.32051751047334, -131.68954952603954, -133.26545047396044, -1.0081273474152699, -4.42587265258473, -0.0010113580134397393, -0.07498864198656027, -46.61618323328925, -118.75981676671074, -47.15206112759324, -316.2599388724068, -187.9729037731944, -329.24109622680567, -0.13924565226395913, -518.235754347736, -1859.6857829139526, -315.1902170860476, -5850.039121493921, -12032.598878506078, -0.18271094712579708, -0.14028905287420293, -68915.66999987572, -1.2427335605025291e-07, -9275494.744682107, -67900.25531789288], 'filename': None}, 'objectives': [-1.9051552585075182], 'genes': [0.0037616202526713507, 1.6740216693667554e-12, 0.7636363636360349, 0.9492896830825404, 0.21257384309436833], 'nondomLayer': [0], 'efeasible': 1, 'pheno': [705.1745370755663, 68.60000000036875, 102.89999999995571, 282.3249315931446, 37.584116422574894], 'violations': [0, 0, 0, 0, 0, 0, 0, 0, 0, 0, 0, 0, 0, 0, 0, 0, 0, 0, 0, 0, 0, 0, 0, 0, 0, 0, 0, 0, 0, 0, 0, 0, 0, 0, 0, 0, 0, 0], 'id': 29}, 210420, 2003)
run is 17
({'violation_objectives': [0.0, 0.0], 'extrainfo': {'generation': 2000, 'constraints': [-81.79035328284661, -9.007123935589334e-10, -6.021849685566849e-12, -4.581721668728278e-08, -2.1543655748246238e-11, -192.12999999997848, -0.29331594740810374, -1035.8683840525919, -0.09407525295892327, -23.66092474704108, -1.7846298062195558, -449.5725701937805, -337.6844824886732, -239.32051751132673, -131.68954952438827, -133.26545047561171, -1.0081273474113654, -4.425872652588635, -0.0010113580130116928, -0.07498864198698832, -46.61618323362053, -118.75981676637946, -47.15206112259261, -316.2599388774074, -187.97290376783542, -329.24109623216464, -0.13924565217812557, -518.2357543478219, -1859.6857829090154, -315.1902170909848, -5850.039121566944, -12032.598878433055, -0.1827109471253199, -0.1402890528746801, -68915.66999999549, -4.511093720793724e-09, -9275494.744691513, -67900.25530848652], 'filename': None}, 'objectives': [-1.9051552585096463], 'genes': [0.003761620236202359, 1.674679568641058e-12, 0.7636363636337858, 0.9492896830861349, 0.21257384270192703], 'nondomLayer': [0], 'efeasible': 1, 'pheno': [705.17453707224, 68.6000000003689, 102.89999999965264, 282.3249315934828, 37.58411639934284], 'violations': [0, 0, 0, 0, 0, 0, 0, 0, 0, 0, 0, 0, 0, 0, 0, 0, 0, 0, 0, 0, 0, 0, 0, 0, 0, 0, 0, 0, 0, 0, 0, 0, 0, 0, 0, 0, 0, 0], 'id': 22}, 210525, 2004)
run is 16
({'violation_objectives': [0.0, 0.0], 'extrainfo': {'generation': 2004, 'constraints': [-81.7903532829134, -2.1529444893531036e-10, -1.7053025658242404e-12, -9.141410828306107e-08, -3.7624658943968825e-10, -192.12999999962378, -0.2933159474056559, -1035.8683840525944, -0.09407525294998109, -23.660924747050018, -1.7846298060496508, -449.57257019395036, -337.6844824880646, -239.32051751193535, -131.68954952438688, -133.2654504756131, -1.0081273474033687, -4.425872652596631, -0.001011358012807717, -0.0749886419871923, -46.61618323419718, -118.75981676580281, -47.15206112157091, -316.2599388784291, -187.9729037665578, -329.24109623344225, -0.13924565215848972, -518.2357543478415, -1859.6857829080031, -315.19021709199706, -5850.039121694936, -12032.598878305063, -0.18271094712567953, -0.14028905287432047, -68915.66999978684, -2.1315645426511765e-07, -9275494.744693514, -67900.25530648604], 'filename': None}, 'objectives': [-1.9051552585013214], 'genes': [0.003761620232296508, 1.0741730638052217e-12, 0.7636363636374, 0.9492896830865377, 0.21257384223131845], 'nondomLayer': [0], 'efeasible': 1, 'pheno': [705.1745370714511, 68.60000000023662, 102.90000000013964, 282.3249315935207, 37.584116371483375], 'violations': [0, 0, 0, 0, 0, 0, 0, 0, 0, 0, 0, 0, 0, 0, 0, 0, 0, 0, 0, 0, 0, 0, 0, 0, 0, 0, 0, 0, 0, 0, 0, 0, 0, 0, 0, 0, 0, 0], 'id': 36}, 210525, 2004)
run is 15
({'violation_objectives': [0.0, 0.0], 'extrainfo': {'generation': 2002, 'constraints': [-81.79035328299034, -2.0260415567463497e-10, -7.44293515708705e-12, -3.150410066155018e-08, -3.583409124985337e-10, -192.12999999964168, -0.29331594740663647, -1035.8683840525935, -0.09407525295693375, -23.66092474704307, -1.784629806181755, -449.57257019381825, -337.6844824882064, -239.32051751179353, -131.68954952474513, -133.26545047525485, -1.008127347404868, -4.425872652595132, -0.001011358012879493, -0.07498864198712052, -46.61618323408398, -118.75981676591601, -47.1520611225485, -316.25993887745153, -187.9729037675953, -329.24109623240474, -0.13924565217361007, -518.2357543478264, -1859.685782908974, -315.19021709102617, -5850.039121552878, -12032.598878447121, -0.1827109471254432, -0.1402890528745568, -68915.6699999316, -6.83940015733242e-08, -9275494.744691709, -67900.25530829094], 'filename': None}, 'objectives': [-1.905155258514272], 'genes': [0.003761620235461207, 1.0186515979257933e-12, 0.7636363636373579, 0.9492896830863765, 0.21257384283427241], 'nondomLayer': [0], 'efeasible': 1, 'pheno': [705.1745370720903, 68.60000000022438, 102.90000000013397, 282.32493159350554, 37.584116407177525], 'violations': [0, 0, 0, 0, 0, 0, 0, 0, 0, 0, 0, 0, 0, 0, 0, 0, 0, 0, 0, 0, 0, 0, 0, 0, 0, 0, 0, 0, 0, 0, 0, 0, 0, 0, 0, 0, 0, 0], 'id': 87}, 210420, 2003)
run is 14
({'violation_objectives': [0.0, 0.0], 'extrainfo': {'generation': 2002, 'constraints': [-81.790353282842, -4.5862691422371427e-10, -9.539036227579345e-12, -1.2569478258228628e-07, -3.856825969705824e-11, -192.12999999996146, -0.2933159473952607, -1035.8683840526048, -0.09407525294222374, -23.660924747057777, -1.7846298059022558, -449.5725701940978, -337.68448248786916, -239.32051751213078, -131.68954952428578, -133.2654504757142, -1.0081273474059196, -4.42587265259408, -0.0010113580127179, -0.07498864198728211, -46.61618323403671, -118.75981676596328, -47.152061120942676, -316.25993887905736, -187.97290376584772, -329.24109623415234, -0.13924565214362872, -518.2357543478563, -1859.6857829073965, -315.1902170926037, -5850.039121754817, -12032.598878245182, -0.18271094712566782, -0.1402890528743322, -68915.66999977762, -2.2238236851990223e-07, -9275494.744694786, -67900.25530521385], 'filename': None}, 'objectives': [-1.9051552584965785], 'genes': [0.003761620230060087, 9.028824990787753e-13, 0.763636363635174, 0.9492896830882498, 0.21257384189360012], 'nondomLayer': [0], 'efeasible': 1, 'pheno': [705.1745370709995, 68.60000000019888, 102.8999999998397, 282.3249315936818, 37.584116351490856], 'violations': [0, 0, 0, 0, 0, 0, 0, 0, 0, 0, 0, 0, 0, 0, 0, 0, 0, 0, 0, 0, 0, 0, 0, 0, 0, 0, 0, 0, 0, 0, 0, 0, 0, 0, 0, 0, 0, 0], 'id': 18}, 210420, 2003)
run is 13
({'violation_objectives': [0.0, 0.0], 'extrainfo': {'generation': 2001, 'constraints': [-81.79035328441199, -1.7493562154413667e-10, -1.1198153515579179e-11, -8.341942248080159e-08, -8.310507837450132e-11, -192.12999999991692, -0.29331594748081, -1035.868384052519, -0.0940752530674498, -23.66092474693255, -1.7846298082815508, -449.57257019171846, -337.6844824899502, -239.32051751004974, -131.68954952930596, -133.26545047069402, -1.0081273474261985, -4.425872652573801, -0.0010113580138864375, -0.07498864198611357, -46.616183232475706, -118.75981676752428, -47.152061135491635, -316.2599388645084, -187.97290378127093, -329.2410962187291, -0.13924565240056808, -518.2357543475994, -1859.6857829217224, -315.1902170782778, -5850.039121657523, -12032.598878342476, -0.18271094712777558, -0.14028905287222443, -68915.66999906131, -9.386858437210321e-07, -9275494.7446673, -67900.25533270091], 'filename': None}, 'objectives': [-1.9051552584820222], 'genes': [0.0037616202776203146, 4.685264438993655e-13, 0.7636363636362143, 0.9492896830741644, 0.2125738423435195], 'nondomLayer': [0], 'efeasible': 1, 'pheno': [705.1745370806052, 68.60000000010321, 102.89999999997988, 282.32493159235645, 37.58411637812554], 'violations': [0, 0, 0, 0, 0, 0, 0, 0, 0, 0, 0, 0, 0, 0, 0, 0, 0, 0, 0, 0, 0, 0, 0, 0, 0, 0, 0, 0, 0, 0, 0, 0, 0, 0, 0, 0, 0, 0], 'id': 52}, 210525, 2004)
run is 12
({'violation_objectives': [0.0, 0.0], 'extrainfo': {'generation': 2004, 'constraints': [-81.79035328322371, -2.0247483689672663e-09, -8.025580200410332e-12, -1.6833439531183103e-08, -5.629772203974426e-10, -192.12999999943705, -0.2933159474719709, -1035.868384052528, -0.094075253059545, -23.660924746940456, -1.7846298081313705, -449.57257019186864, -337.6844824926196, -239.32051750738032, -131.68954952628485, -133.26545047371513, -1.008127347432061, -4.425872652567939, -0.0010113580145464096, -0.0749886419854536, -46.6161832319756, -118.7598167680244, -47.15206113356214, -316.2599388664379, -187.97290378046216, -329.2410962195379, -0.1392456523880199, -518.235754347612, -1859.6857829198184, -315.1902170801818, -5850.0391215356685, -12032.59887846433, -0.18271094712607217, -0.14028905287392784, -68915.66999988216, -1.1784140951931477e-07, -9275494.744670263, -67900.25532973744], 'filename': None}, 'objectives': [-1.9051552584780662], 'genes': [0.003761620275096306, 4.698972623842221e-12, 0.7636363636328599, 0.9492896830756201, 0.21257384301497384], 'nondomLayer': [0], 'efeasible': 1, 'pheno': [705.1745370800954, 68.60000000103508, 102.89999999952788, 282.3249315924934, 37.58411641787484], 'violations': [0, 0, 0, 0, 0, 0, 0, 0, 0, 0, 0, 0, 0, 0, 0, 0, 0, 0, 0, 0, 0, 0, 0, 0, 0, 0, 0, 0, 0, 0, 0, 0, 0, 0, 0, 0, 0, 0], 'id': 85}, 210525, 2004)
run is 11
({'violation_objectives': [0.0, 0.0], 'extrainfo': {'generation': 2004, 'constraints': [-81.7903532831277, -8.453469035885064e-10, -7.37898631086864e-12, -2.2246751996135572e-08, -2.6687985155149363e-11, -192.12999999997334, -0.29331594742272316, -1035.8683840525773, -0.09407525298134267, -23.660924747018658, -1.784629806645512, -449.5725701933545, -337.6844824890457, -239.32051751095423, -131.68954952530672, -133.26545047469327, -1.00812734741503, -4.42587265258497, -0.0010113580132208588, -0.07498864198677915, -46.61618323333879, -118.7598167666612, -47.152061125230944, -316.2599388747691, -187.97290377063007, -329.24109622937, -0.13924565222427532, -518.2357543477757, -1859.6857829116148, -315.19021708838545, -5850.0391215117015, -12032.598878488297, -0.18271094712560518, -0.14028905287439483, -68915.66999991507, -8.492497727274895e-08, -9275494.744686538, -67900.25531346165], 'filename': None}, 'objectives': [-1.9051552585109262], 'genes': [0.003761620244814178, 1.5835018495741732e-12, 0.7636363636339731, 0.9492896830837281, 0.2125738429430329], 'nondomLayer': [0], 'efeasible': 1, 'pheno': [705.1745370739793, 68.60000000034881, 102.89999999967787, 282.32493159325634, 37.584116413616016], 'violations': [0, 0, 0, 0, 0, 0, 0, 0, 0, 0, 0, 0, 0, 0, 0, 0, 0, 0, 0, 0, 0, 0, 0, 0, 0, 0, 0, 0, 0, 0, 0, 0, 0, 0, 0, 0, 0, 0], 'id': 102}, 210525, 2004)
run is 10
({'violation_objectives': [0.0, 0.0], 'extrainfo': {'generation': 2005, 'constraints': [-81.79035328356775, -9.139000667346409e-11, -2.2517099296237575e-11, -8.410438567807432e-09, -3.788613867072854e-10, -192.12999999962116, -0.2933159474310614, -1035.868384052569, -0.09407525300693464, -23.660924746993068, -1.7846298071317506, -449.5725701928683, -337.6844824891645, -239.32051751083543, -131.68954952689626, -133.26545047310373, -1.0081273474135246, -4.4258726525864756, -0.001011358013379371, -0.07498864198662064, -46.61618323341749, -118.7598167665825, -47.152061128772516, -316.2599388712275, -187.97290377422144, -329.2410962257786, -0.13924565227847907, -518.2357543477215, -1859.6857829151245, -315.1902170848757, -5850.0391214995925, -12032.598878500406, -0.1827109471261276, -0.14028905287387242, -68915.66999973649, -2.6350608095526695e-07, -9275494.744680054, -67900.25531994551], 'filename': None}, 'objectives': [-1.9051552585082963], 'genes': [0.0037616202558069527, 8.53969912601688e-13, 0.7636363636377793, 0.9492896830823557, 0.21257384307694135], 'nondomLayer': [0], 'efeasible': 1, 'pheno': [705.1745370761995, 68.6000000001881, 102.90000000019076, 282.3249315931272, 37.584116421543236], 'violations': [0, 0, 0, 0, 0, 0, 0, 0, 0, 0, 0, 0, 0, 0, 0, 0, 0, 0, 0, 0, 0, 0, 0, 0, 0, 0, 0, 0, 0, 0, 0, 0, 0, 0, 0, 0, 0, 0], 'id': 54}, 210630, 2005)
run is 9
({'violation_objectives': [0.0, 0.0], 'extrainfo': {'generation': 2002, 'constraints': [-81.79035328333967, -9.738698736327933e-11, -2.7409186031945865e-11, -6.917673545103753e-09, -1.0735448086052202e-09, -192.12999999892648, -0.293315947433193, -1035.8683840525669, -0.09407525301726594, -23.660924746982737, -1.7846298073280593, -449.57257019267195, -337.6844824902558, -239.32051750974415, -131.689549526529, -133.265450473471, -1.0081273474109955, -4.425872652589005, -0.0010113580137166844, -0.07498864198628333, -46.61618323353893, -118.75981676646106, -47.152061129822755, -316.2599388701773, -187.9729037757303, -329.24109622426977, -0.13924565230171027, -518.2357543476983, -1859.6857829161659, -315.19021708383434, -5850.039121539967, -12032.598878460032, -0.18271094712596833, -0.14028905287403168, -68915.66999984374, -1.5625846572220325e-07, -9275494.744677898, -67900.25532210246], 'filename': None}, 'objectives': [-1.905155258495724], 'genes': [0.003761620260414913, 2.1262918640126145e-12, 0.7636363636408547, 0.9492896830820045, 0.21257384308289418], 'nondomLayer': [0], 'efeasible': 1, 'pheno': [705.1745370771301, 68.60000000046837, 102.90000000060517, 282.32493159309416, 37.58411642189564], 'violations': [0, 0, 0, 0, 0, 0, 0, 0, 0, 0, 0, 0, 0, 0, 0, 0, 0, 0, 0, 0, 0, 0, 0, 0, 0, 0, 0, 0, 0, 0, 0, 0, 0, 0, 0, 0, 0, 0], 'id': 82}, 210420, 2003)
run is 8
({'violation_objectives': [0.0, 0.0], 'extrainfo': {'generation': 2001, 'constraints': [-81.79035328275586, -2.5488589017186314e-10, -6.789235840187757e-12, -1.0731889688031515e-07, -4.2808778744074516e-10, -192.12999999957194, -0.2933159473962661, -1035.8683840526037, -0.09407525294162866, -23.660924747058374, -1.784629805890944, -449.57257019410906, -337.6844824880616, -239.32051751193836, -131.68954952401978, -133.2654504759802, -1.008127347401976, -4.425872652598024, -0.0010113580127653343, -0.07498864198723468, -46.61618323429862, -118.75981676570137, -47.15206112072053, -316.2599388792795, -187.97290376570652, -329.24109623429354, -0.13924565214230356, -518.2357543478577, -1859.6857829071737, -315.1902170928265, -5850.039121735712, -12032.598878264287, -0.182710947125532, -0.14028905287446802, -68915.66999984132, -1.5867408365011215e-07, -9275494.744695136, -67900.25530486368], 'filename': None}, 'objectives': [-1.90515525849752], 'genes': [0.0037616202296373263, 1.2402630337502953e-12, 0.7636363636375132, 0.9492896830880835, 0.2125738420695691], 'nondomLayer': [0], 'efeasible': 1, 'pheno': [705.174537070914, 68.6000000002732, 102.9000000001549, 282.3249315936662, 37.58411636190801], 'violations': [0, 0, 0, 0, 0, 0, 0, 0, 0, 0, 0, 0, 0, 0, 0, 0, 0, 0, 0, 0, 0, 0, 0, 0, 0, 0, 0, 0, 0, 0, 0, 0, 0, 0, 0, 0, 0, 0], 'id': 20}, 210420, 2003)
run is 7
({'violation_objectives': [0.0, 0.0], 'extrainfo': {'generation': 2000, 'constraints': [-81.79035328306688, -2.85055534732237e-10, -9.180212146020494e-12, -4.411333520693006e-09, -5.245510692475364e-10, -192.12999999947547, -0.29331594741666933, -1035.8683840525832, -0.09407525297409158, -23.66092474702591, -1.784629806507752, -449.5725701934923, -337.6844824888479, -239.32051751115205, -131.68954952512408, -133.2654504748759, -1.0081273474073411, -4.425872652592659, -0.0010113580131329292, -0.07498864198686708, -46.61618323387678, -118.75981676612321, -47.15206112447345, -316.2599388755266, -187.97290376978947, -329.2410962302106, -0.13924565220955287, -518.2357543477904, -1859.6857829108717, -315.1902170891285, -5850.039121499853, -12032.598878500146, -0.18271094712546948, -0.14028905287453053, -68915.66999996566, -3.434251993894577e-08, -9275494.744688006, -67900.25531199388], 'filename': None}, 'objectives': [-1.9051552585139921], 'genes': [0.003761620242212702, 1.4701759410391894e-12, 0.7636363636378531, 0.9492896830847245, 0.21257384310783006], 'nondomLayer': [0], 'efeasible': 1, 'pheno': [705.1745370734538, 68.60000000032385, 102.9000000002007, 282.32493159335013, 37.58411642337181], 'violations': [0, 0, 0, 0, 0, 0, 0, 0, 0, 0, 0, 0, 0, 0, 0, 0, 0, 0, 0, 0, 0, 0, 0, 0, 0, 0, 0, 0, 0, 0, 0, 0, 0, 0, 0, 0, 0, 0], 'id': 69}, 210420, 2003)
run is 6
({'violation_objectives': [0.0, 0.0], 'extrainfo': {'generation': 2005, 'constraints': [-81.79035328311778, -1.1053202797484118e-10, -3.325340003357269e-12, -1.2850307484768564e-08, -4.383764462545514e-10, -192.12999999956165, -0.2933159474158238, -1035.8683840525841, -0.09407525296620989, -23.66092474703379, -1.784629806357998, -449.57257019364204, -337.6844824883319, -239.32051751166802, -131.68954952506576, -133.26545047493423, -1.0081273474052925, -4.425872652594707, -0.0010113580129585409, -0.07498864198704147, -46.61618323404305, -118.75981676595694, -47.15206112350165, -316.2599388764984, -187.972903768601, -329.24109623139907, -0.13924565219198826, -518.235754347808, -1859.6857829099067, -315.1902170900935, -5850.039121513839, -12032.59887848616, -0.18271094712555846, -0.14028905287444154, -68915.66999989616, -1.0384246706962585e-07, -9275494.744689876, -67900.25531012379], 'filename': None}, 'objectives': [-1.9051552585169498], 'genes': [0.0037616202385885307, 9.968124941268711e-13, 0.7636363636379876, 0.9492896830848635, 0.21257384302124782], 'nondomLayer': [0], 'efeasible': 1, 'pheno': [705.1745370727219, 68.60000000021957, 102.90000000021882, 282.3249315933632, 37.584116418246246], 'violations': [0, 0, 0, 0, 0, 0, 0, 0, 0, 0, 0, 0, 0, 0, 0, 0, 0, 0, 0, 0, 0, 0, 0, 0, 0, 0, 0, 0, 0, 0, 0, 0, 0, 0, 0, 0, 0, 0], 'id': 49}, 210630, 2005)
run is 5
({'violation_objectives': [0.0, 0.0], 'extrainfo': {'generation': 2004, 'constraints': [-81.79035328299531, -7.253362355186255e-10, -2.618349981275969e-12, -5.52849996893201e-08, -1.7419665709894616e-10, -192.12999999982583, -0.29331594741792344, -1035.868384052582, -0.0940752529697857, -23.660924747030215, -1.7846298064259258, -449.5725701935741, -337.6844824888215, -239.32051751117842, -131.68954952478842, -133.26545047521157, -1.0081273474111438, -4.425872652588856, -0.0010113580131045907, -0.07498864198689542, -46.616183233621555, -118.75981676637844, -47.152061123752674, -316.25993887624736, -187.97290376905778, -329.2410962309423, -0.13924565219984686, -518.2357543478001, -1859.6857829101523, -315.1902170898479, -5850.039121598429, -12032.59887840157, -0.18271094712562577, -0.14028905287437424, -68915.66999986798, -1.3201497495174408e-07, -9275494.744689295, -67900.25531070493], 'filename': None}, 'objectives': [-1.9051552585046334], 'genes': [0.0037616202399935153, 1.633472249600243e-12, 0.7636363636349861, 0.9492896830845182, 0.21257384260542173], 'nondomLayer': [0], 'efeasible': 1, 'pheno': [705.1745370730057, 68.60000000035981, 102.89999999981438, 282.3249315933307, 37.58411639362984], 'violations': [0, 0, 0, 0, 0, 0, 0, 0, 0, 0, 0, 0, 0, 0, 0, 0, 0, 0, 0, 0, 0, 0, 0, 0, 0, 0, 0, 0, 0, 0, 0, 0, 0, 0, 0, 0, 0, 0], 'id': 12}, 210525, 2004)
run is 4
({'violation_objectives': [0.0, 0.0], 'extrainfo': {'generation': 2007, 'constraints': [-81.7903532832396, -9.805631862036535e-10, -3.7623237858497305e-12, -1.3497071904566837e-08, -2.9331204132176936e-10, -192.1299999997067, -0.2933159474413394, -1035.8683840525587, -0.09407525300626318, -23.660924746993736, -1.7846298071190176, -449.572570192881, -337.6844824899756, -239.32051751002433, -131.68954952574535, -133.26545047425464, -1.0081273474183043, -4.425872652581695, -0.0010113580135885092, -0.0749886419864115, -46.61618323305957, -118.75981676694042, -47.152061127833235, -316.2599388721668, -187.972903773623, -329.24109622637707, -0.13924565227559782, -518.2357543477244, -1859.6857829141713, -315.19021708582886, -5850.039121508287, -12032.598878491712, -0.182710947125842, -0.14028905287415802, -68915.66999985826, -1.4173565432429314e-07, -9275494.744681466, -67900.25531853363], 'filename': None}, 'objectives': [-1.9051552585032034], 'genes': [0.0037616202540578896, 2.3132095805324074e-12, 0.7636363636347588, 0.9492896830806626, 0.21257384303282906], 'nondomLayer': [0], 'efeasible': 1, 'pheno': [705.1745370758463, 68.60000000050955, 102.89999999978376, 282.3249315929679, 37.58411641893184], 'violations': [0, 0, 0, 0, 0, 0, 0, 0, 0, 0, 0, 0, 0, 0, 0, 0, 0, 0, 0, 0, 0, 0, 0, 0, 0, 0, 0, 0, 0, 0, 0, 0, 0, 0, 0, 0, 0, 0], 'id': 6}, 210840, 2007)
run is 3
({'violation_objectives': [0.0, 0.0], 'extrainfo': {'generation': 2004, 'constraints': [-81.79035328290331, -1.1659437859634636e-09, -6.45528075438051e-12, -3.9873725654615555e-08, -1.8746959540294483e-10, -192.12999999981255, -0.29331594742226486, -1035.8683840525778, -0.09407525298144215, -23.66092474701856, -1.7846298066474162, -449.5725701933526, -337.6844824896276, -239.32051751037233, -131.68954952474508, -133.2654504752549, -1.0081273474157788, -4.425872652584221, -0.001011358013373792, -0.07498864198662622, -46.616183233264465, -118.75981676673553, -47.15206112502369, -316.25993887497634, -187.97290377066713, -329.2410962293329, -0.13924565222519547, -518.2357543477748, -1859.6857829114097, -315.19021708859054, -5850.039121564083, -12032.598878435916, -0.18271094712546498, -0.14028905287453503, -68915.6699999814, -1.8597347661852837e-08, -9275494.744686786, -67900.25531321391], 'filename': None}, 'objectives': [-1.9051552585016793], 'genes': [0.0037616202449245084, 2.457687898082555e-12, 0.7636363636337374, 0.9492896830838037, 0.212573842765887], 'nondomLayer': [0], 'efeasible': 1, 'pheno': [705.1745370740016, 68.60000000054137, 102.89999999964611, 282.32493159326344, 37.584116403129194], 'violations': [0, 0, 0, 0, 0, 0, 0, 0, 0, 0, 0, 0, 0, 0, 0, 0, 0, 0, 0, 0, 0, 0, 0, 0, 0, 0, 0, 0, 0, 0, 0, 0, 0, 0, 0, 0, 0, 0], 'id': 63}, 210525, 2004)
run is 2
({'violation_objectives': [0.0, 0.0], 'extrainfo': {'generation': 2004, 'constraints': [-81.79035328318287, -7.327258799705305e-10, -1.7358559034619248e-11, -2.240199137304444e-09, -6.319282874756027e-10, -192.1299999993681, -0.29331594743376144, -1035.8683840525662, -0.09407525300890107, -23.6609247469911, -1.7846298071691251, -449.5725701928309, -337.68448249025033, -239.3205175097496, -131.68954952588354, -133.26545047411645, -1.008127347415658, -4.425872652584342, -0.0010113580136736355, -0.07498864198632638, -46.61618323322729, -118.7598167667727, -47.15206112849296, -316.2599388715071, -187.9729037743981, -329.24109622560195, -0.13924565228330366, -518.2357543477167, -1859.6857829148412, -315.190217085159, -5850.039121502603, -12032.598878497396, -0.18271094712570995, -0.14028905287429005, -68915.66999994234, -5.765468813478947e-08, -9275494.74468029, -67900.25531971082], 'filename': None}, 'objectives': [-1.9051552585009723], 'genes': [0.003761620256363508, 2.478076294256588e-12, 0.7636363636370024, 0.9492896830819108, 0.2125738431395], 'nondomLayer': [0], 'efeasible': 1, 'pheno': [705.1745370763119, 68.60000000054586, 102.90000000008607, 282.32493159308535, 37.584116425246634], 'violations': [0, 0, 0, 0, 0, 0, 0, 0, 0, 0, 0, 0, 0, 0, 0, 0, 0, 0, 0, 0, 0, 0, 0, 0, 0, 0, 0, 0, 0, 0, 0, 0, 0, 0, 0, 0, 0, 0], 'id': 33}, 210525, 2004)
run is 1
({'violation_objectives': [0.0, 0.0], 'extrainfo': {'generation': 2003, 'constraints': [-81.79035328284388, -2.4493829187122174e-10, -5.112354983793921e-12, -5.606375452771317e-08, -3.1013769330456853e-10, -192.1299999996899, -0.2933159473989839, -1035.868384052601, -0.09407525294349739, -23.660924747056505, -1.7846298059264427, -449.5725701940736, -337.6844824879265, -239.32051751207342, -131.68954952422013, -133.26545047577986, -1.008127347402961, -4.4258726525970395, -0.001011358012739244, -0.07498864198726077, -46.61618323423535, -118.75981676576464, -47.15206112093779, -316.25993887906225, -187.97290376586682, -329.24109623413324, -0.1392456521456431, -518.2357543478544, -1859.6857829073847, -315.1902170926155, -5850.039121607693, -12032.598878392306, -0.18271094712535532, -0.1402890528746447, -68915.66999993667, -6.332993507385254e-08, -9275494.744694749, -67900.2553052511], 'filename': None}, 'objectives': [-1.9051552585117015], 'genes': [0.003761620230145124, 1.0079249876777732e-12, 0.7636363636370175, 0.9492896830876362, 0.21257384258588], 'nondomLayer': [0], 'efeasible': 1, 'pheno': [705.1745370710166, 68.60000000022202, 102.9000000000881, 282.3249315936241, 37.58411639247299], 'violations': [0, 0, 0, 0, 0, 0, 0, 0, 0, 0, 0, 0, 0, 0, 0, 0, 0, 0, 0, 0, 0, 0, 0, 0, 0, 0, 0, 0, 0, 0, 0, 0, 0, 0, 0, 0, 0, 0], 'id': 60}, 210630, 2005)
maxo is -1.90515525848
mino is -1.90515525852
the average is -1.9051552585
variance is 8.98865335337e-12
the generation is [2004, 2005, 2004, 2004, 2004, 2003, 2003, 2003, 2004, 2004, 2003, 2003, 2004, 2004, 2004, 2005, 2003, 2003, 2003, 2005, 2004, 2007, 2004, 2004, 2005]
the average generation is 2003.96
variance generation is 0.915641851381
the evaTime is [210525, 210630, 210525, 210525, 210525, 210420, 210420, 210420, 210525, 210525, 210420, 210420, 210525, 210525, 210525, 210630, 210420, 210420, 210420, 210630, 210525, 210840, 210525, 210525, 210630]
the average evaTime is 210520.8
variance evaTime 96.142394395
