this is nsga_ii
run is 25
({'violation_objectives': [0.0, 0.0], 'extrainfo': {'generation': 1995, 'constraints': [-4.624922667062492e-10, -0.9853838509791342, -1.3372197793515284e-09, -1.480210398696613e-10, -0.9853829994241757, -3.879745857915395e-09, -3.956364014179314e-09, -0.9853846512962574, -3.981400098496124e-09, -0.807447801146479, -0.05858101906650044, -0.062297207306643634, -0.8037247760351226], 'filename': None}, 'objectives': [-0.8660254017773729], 'genes': [0.4742351843835147, 0.4631942591712117, 0.5242276028297206, 0.45626187864152046, 0.47423547729149645, 0.45714921977069783, 0.5242273038594679, 0.4623065764561323, 0.00604486331956021], 'nondomLayer': [0], 'efeasible': 1, 'pheno': [-0.5152963123297063, -0.7361148165757658, 0.4845520565944117, -0.8747624271695909, -0.5152904541700707, -0.857015604586044, 0.4845460771893588, -0.7538684708773538, 0.1208972663912042], 'violations': [0, 0, 0, 0, 0, 0, 0, 0, 0, 0, 0, 0, 0], 'id': 96}, 210000, 1999)
run is 24
({'violation_objectives': [0.0, 0.0], 'extrainfo': {'generation': 1999, 'constraints': [-2.456830294761403e-10, -0.9704155247496107, -5.6230140099700066e-08, -3.762326228340385e-09, -0.9704269419404702, -2.184643754787885e-08, -8.932005135520171e-10, -0.9704015202716761, -1.0655721416341635e-08, -0.7714011598394873, -0.0945872414011763, -0.07711818268736241, -0.7889441918675973], 'filename': None}, 'objectives': [-0.8660253878978117], 'genes': [0.4775854110015224, 0.46390570488373584, 0.5274960702513963, 0.45823917960437, 0.4775821037021451, 0.4553072960652046, 0.5274991598502793, 0.46684128340374303, 0.00860006907681406], 'nondomLayer': [0], 'efeasible': 1, 'pheno': [-0.4482917799695514, -0.7218859023252833, 0.5499214050279271, -0.8352164079126005, -0.44835792595709734, -0.8938540786959077, 0.5499831970055862, -0.6631743319251395, 0.1720013815362812], 'violations': [0, 0, 0, 0, 0, 0, 0, 0, 0, 0, 0, 0, 0], 'id': 98}, 210105, 2000)
run is 23
({'violation_objectives': [0.0, 0.0], 'extrainfo': {'generation': 1999, 'constraints': [-1.4276755333497704e-09, -0.9950909443999877, -1.1513505704385807e-09, -4.703587519472308e-10, -0.9950896885226455, -2.86973222962672e-10, -2.03247518815175e-09, -0.9950922756802659, -1.6689924997592698e-09, -0.8299762577602878, -0.03605837792150648, -0.03399615802280414, -0.832020011537338], 'filename': None}, 'objectives': [-0.8660254026209682], 'genes': [0.47573863004397615, 0.4597838327606947, 0.5257322175858771, 0.4571298125203086, 0.4757394373859259, 0.4562801521186291, 0.5257314259682893, 0.46063257003013947, 0.003503232650000682], 'nondomLayer': [0], 'efeasible': 1, 'pheno': [-0.4852273991204772, -0.8043233447861056, 0.514644351717541, -0.8574037495938285, -0.48521125228148243, -0.8743969576274182, 0.514628519365786, -0.7873485993972107, 0.07006465300001363], 'violations': [0, 0, 0, 0, 0, 0, 0, 0, 0, 0, 0, 0, 0], 'id': 30}, 210105, 2000)
run is 22
({'violation_objectives': [0.0, 0.0], 'extrainfo': {'generation': 1997, 'constraints': [-3.952736138401747e-09, -0.9729296100534341, -1.0124625582363933e-09, -2.941963339608833e-10, -0.9729338323170342, -1.2311719421731482e-09, -9.912247689314313e-10, -0.9729257573216691, -1.811910732563149e-09, -0.7875480283121965, -0.07846509922826417, -0.08600807316425942, -0.7800296036594062], 'filename': None}, 'objectives': [-0.8660254021820633], 'genes': [0.4738636715181467, 0.4656015208486882, 0.5238451070636778, 0.4560521802675047, 0.4738626251274318, 0.45737562162048945, 0.5238461859212423, 0.4642793064687911, 0.008226540880978753], 'nondomLayer': [0], 'efeasible': 1, 'pheno': [-0.5227265696370669, -0.687969583026236, 0.47690214127355546, -0.8789563946499062, -0.5227474974513626, -0.8524875675902113, 0.47692371842484604, -0.7144138706241776, 0.16453081761957505], 'violations': [0, 0, 0, 0, 0, 0, 0, 0, 0, 0, 0, 0, 0], 'id': 70}, 210525, 2004)
run is 21
({'violation_objectives': [0.0, 0.0], 'extrainfo': {'generation': 1990, 'constraints': [-2.6104145955940794e-08, -0.8458763372873239, -1.3971863666029094e-09, -7.155226300348261e-09, -0.8458761352750664, -3.4879275023769196e-09, -1.4087162991671676e-08, -0.8458812612592022, -1.599057330992082e-09, -0.5330001096188351, -0.33302897257614217, -0.013517515362738519, -0.8525041944242812], 'filename': None}, 'objectives': [-0.8660253959909985], 'genes': [0.4982780310833258, 0.4696589540797109, 0.5424147939146452, 0.47352387505850196, 0.4982784001526548, 0.45002964788524447, 0.5424145989027958, 0.49315285482857574, 0.019629293333731864], 'nondomLayer': [0], 'efeasible': 1, 'pheno': [-0.03443937833348443, -0.6068209184057807, 0.8482958782929035, -0.5295224988299605, -0.034431996946903354, -0.9994070422951111, 0.848291978055915, -0.13694290342848525, 0.3925858666746373], 'violations': [0, 0, 0, 0, 0, 0, 0, 0, 0, 0, 0, 0, 0], 'id': 31}, 210000, 1999)
run is 20
({'violation_objectives': [0.0, 0.0], 'extrainfo': {'generation': 1993, 'constraints': [-4.725921876058692e-10, -0.9964359569931289, -6.256214657440751e-09, -4.812947818066959e-10, -0.9964355012152584, -8.093081760307541e-11, -1.495959911501643e-09, -0.9964365590643594, -6.098948013288918e-10, -0.8321659293985753, -0.03386391951881924, -0.02564689025610604, -0.8403740656142911], 'filename': None}, 'objectives': [-0.8660254023938958], 'genes': [0.47851964934932184, 0.4578341826014212, 0.5283619286195794, 0.4588223239631423, 0.47852005080647475, 0.45484901145043405, 0.5283615625102329, 0.46180705212581735, 0.002984980321070407], 'nondomLayer': [0], 'efeasible': 1, 'pheno': [-0.4296070130135625, -0.8433163479715748, 0.567238572391588, -0.8235535207371534, -0.42959898387050544, -0.9030197709913192, 0.5672312502046584, -0.7638589574836523, 0.05969960642140815], 'violations': [0, 0, 0, 0, 0, 0, 0, 0, 0, 0, 0, 0, 0], 'id': 104}, 210420, 2003)
run is 19
({'violation_objectives': [0.0, 0.0], 'extrainfo': {'generation': 1999, 'constraints': [-5.5487521244401705e-09, -0.9511591848043595, -2.2356800855050096e-09, -3.061603193188489e-10, -0.9511650658968603, -7.050582340184519e-10, -4.993274238529466e-09, -0.9511535899470464, -8.781843363614428e-09, -0.7583043523169688, -0.1077080669023242, -0.11326819863958561, -0.7527701826105204], 'filename': None}, 'objectives': [-0.8660254002346996], 'genes': [0.47437477689371865, 0.4681157510242636, 0.5243683870306687, 0.4563401591888878, 0.4743736622325683, 0.45706643728922197, 0.5243695206410601, 0.4673907711107368, 0.011049979094509702], 'nondomLayer': [0], 'efeasible': 1, 'pheno': [-0.5125044621256265, -0.6376849795147272, 0.48736774061337407, -0.8731968162222437, -0.5125267553486328, -0.8586712542155599, 0.48739041282120255, -0.6521845777852633, 0.22099958189019403], 'violations': [0, 0, 0, 0, 0, 0, 0, 0, 0, 0, 0, 0, 0], 'id': 25}, 210105, 2000)
run is 18
({'violation_objectives': [0.0, 0.0], 'extrainfo': {'generation': 1992, 'constraints': [-2.4003029563957057e-09, -0.9999990493770171, -6.259834872679448e-10, -4.637630834913864e-09, -0.9999990769721527, -1.8630383902262793e-09, -4.0060621486759374e-10, -0.9999990317790676, -2.1817214701513876e-11, -0.865649501343241, -0.0003641942909793638, -0.0006011583210463125, -0.8654359502668958], 'filename': None}, 'objectives': [-0.8660254021110813], 'genes': [0.46917225706042964, 0.46068315261180093, 0.5186766501216773, 0.4536191555248108, 0.46917133544371475, 0.46063512428431813, 0.5186777359143567, 0.45366834265102635, 4.8749948278553456e-05], 'nondomLayer': [0], 'efeasible': 1, 'pheno': [-0.6165548587914067, -0.7863369477639814, 0.3735330024335468, -0.9276168895037848, -0.6165732911257056, -0.7872975143136376, 0.37355471828713505, -0.9266331469794729, 0.0009749989655710691], 'violations': [0, 0, 0, 0, 0, 0, 0, 0, 0, 0, 0, 0, 0], 'id': 64}, 210000, 1999)
run is 17
({'violation_objectives': [0.0, 0.0], 'extrainfo': {'generation': 1998, 'constraints': [-4.815916332390202e-09, -0.8136892641008195, -7.864754070219249e-09, -4.8818944664574815e-08, -0.813626360206514, -4.59454436718687e-08, -1.6700455462981267e-09, -0.8137727049063195, -2.9711015536726393e-08, -0.6206664172661351, -0.2454439874282649, -0.18476945088485303, -0.681170886863393], 'filename': None}, 'objectives': [-0.8660253712213231], 'genes': [0.478588991407424, 0.4763981432784659, 0.5284317414737837, 0.4588704964201106, 0.47859667570244935, 0.45481263794652327, 0.5284247455187561, 0.4804475256130003, 0.02158186367642867], 'nondomLayer': [0], 'efeasible': 1, 'pheno': [-0.4282201718515193, -0.47203713443068196, 0.5686348294756733, -0.822590071597789, -0.42806648595101393, -0.9037472410695351, 0.5684949103751222, -0.3910494877399948, 0.4316372735285734], 'violations': [0, 0, 0, 0, 0, 0, 0, 0, 0, 0, 0, 0, 0], 'id': 85}, 210000, 1999)
run is 16
({'violation_objectives': [0.0, 0.0], 'extrainfo': {'generation': 1995, 'constraints': [-1.1238545205571882e-08, -0.9933526308074321, -1.764653945190986e-08, -6.100907556927382e-10, -0.9933462538421377, -2.6066457325946146e-08, -6.021300902325777e-09, -0.9933591688589898, -5.913058598316923e-09, -0.8247593137925515, -0.041305685084637875, -0.040223319865084824, -0.8257624639087784], 'filename': None}, 'objectives': [-0.8660253913255263], 'genes': [0.47532917569784294, 0.4605869111538946, 0.5253311515956475, 0.4568916164680005, 0.4753326204106072, 0.4565083877043348, 0.5253277365785571, 0.4609661797808211, 0.0040765700020262], 'nondomLayer': [0], 'efeasible': 1, 'pheno': [-0.4934164860431416, -0.7882617769221074, 0.5066230319129499, -0.8621676706399892, -0.49334759178785603, -0.8698322459133045, 0.5065547315711427, -0.780676404383577, 0.081531400040524], 'violations': [0, 0, 0, 0, 0, 0, 0, 0, 0, 0, 0, 0, 0], 'id': 59}, 210000, 1999)
run is 15
({'violation_objectives': [0.0, 0.0], 'extrainfo': {'generation': 1994, 'constraints': [-1.2225773726726175e-08, -0.051695962761703185, -3.630463818460328e-08, -1.052754750041629e-08, -0.051642251903776915, -1.831352614001247e-08, -1.0019366780689154e-08, -0.05174106128301048, -3.9166503373877504e-10, -0.4223288350733643, -0.4437219601890548, -0.5288461107911343, -0.3371538739395755], 'filename': None}, 'objectives': [-0.8660253899965643], 'genes': [0.47284438560551195, 0.5067074482930561, 0.5227828015608248, 0.45549220380118055, 0.47284651858737203, 0.45801561770833743, 0.5227805401219114, 0.5041814977134809, 0.048690451765163796], 'nondomLayer': [0], 'efeasible': 1, 'pheno': [-0.5431122878897607, 0.13414896586112235, 0.45565603121649545, -0.8901559239763888, -0.5430696282525602, -0.8396876458332514, 0.4556108024382297, 0.08362995426961817, 0.9738090353032759], 'violations': [0, 0, 0, 0, 0, 0, 0, 0, 0, 0, 0, 0, 0], 'id': 57}, 210000, 1999)
run is 14
({'violation_objectives': [0.0, 0.0], 'extrainfo': {'generation': 1998, 'constraints': [-1.1563895772059851e-06, -0.9231042709261532, -8.457796178973354e-07, -3.8765069800827945e-06, -0.9236468749003153, -6.501122307156493e-09, -2.454510183991232e-08, -0.92299611397567, -3.402951120889952e-08, -0.8231784039431254, -0.04221434607585261, -0.21624331517691456, -0.6504116520426673], 'filename': None}, 'objectives': [-0.8660238586192799], 'genes': [0.46104878332142923, 0.4825155096361805, 0.5076116526422526, 0.45058279800434115, 0.4610092503060862, 0.4686995315712765, 0.5076739513257886, 0.46445744516867854, 0.013865039584675441], 'nondomLayer': [0], 'efeasible': 1, 'pheno': [-0.7790243335714155, -0.34968980727638943, 0.15223305284505173, -0.9883440399131764, -0.7798149938782757, -0.6260093685744703, 0.15347902651577172, -0.7108510966264294, 0.2773007916935088], 'violations': [0, 0, 0, 0, 0, 0, 0, 0, 0, 0, 0, 0, 0], 'id': 96}, 210000, 1999)
run is 13
({'violation_objectives': [0.0, 0.0], 'extrainfo': {'generation': 1987, 'constraints': [-2.1927203386340466e-09, -0.8881318936096799, -1.3800347531400803e-09, -2.8485012126822085e-09, -0.8881445300925306, -1.4136001258435726e-09, -2.6319233459304314e-09, -0.8881171098330197, -7.059759443706071e-10, -0.685886926191305, -0.18011795762409674, -0.15400908664215895, -0.7120368324278479], 'filename': None}, 'objectives': [-0.8660254014427042], 'genes': [0.47697875274189044, 0.4723384131773311, 0.5269261260639532, 0.45786944422742204, 0.47697693146967884, 0.4556160128875509, 0.5269278548601808, 0.4745938940667655, 0.016723344939807948], 'nondomLayer': [0], 'efeasible': 1, 'pheno': [-0.4604249451621918, -0.5532317364533785, 0.538522521279063, -0.8426111154515592, -0.46046137060642245, -0.8876797422489826, 0.5385570972036149, -0.5081221186646907, 0.334466898796159], 'violations': [0, 0, 0, 0, 0, 0, 0, 0, 0, 0, 0, 0, 0], 'id': 76}, 210105, 2000)
run is 12
({'violation_objectives': [0.0, 0.0], 'extrainfo': {'generation': 1999, 'constraints': [-1.4313636942375751e-09, -0.4630488377761317, -3.18716697478294e-09, -1.0072631617674688e-10, -0.46304557968534643, -5.747298192915196e-10, -1.7402733698546058e-09, -0.46305031783115824, -2.712128299720007e-10, -0.6425219523544039, -0.22350510526958176, -0.49260452039652936, -0.37341922742997313], 'filename': None}, 'objectives': [-0.8660254027252441], 'genes': [0.4663873628788749, 0.49962238971659334, 0.5152507098529185, 0.45238260984258294, 0.4663874854055694, 0.46298380280645685, 0.515250552284316, 0.4890210351007361, 0.03663847575377107], 'nondomLayer': [0], 'efeasible': 1, 'pheno': [-0.6722527424225024, -0.007552205668133638, 0.3050141970583713, -0.9523478031483421, -0.6722502918886128, -0.7403239438708624, 0.30501104568632087, -0.21957929798527864, 0.7327695150754214], 'violations': [0, 0, 0, 0, 0, 0, 0, 0, 0, 0, 0, 0, 0], 'id': 77}, 210420, 2003)
run is 11
({'violation_objectives': [0.0, 0.0], 'extrainfo': {'generation': 1996, 'constraints': [-1.8245031041530524e-08, -0.7452793495542751, -4.857485524922822e-10, -2.566648227286805e-09, -0.7453033473131023, -1.1089803075847726e-08, -1.928531778716547e-09, -0.7452668238890084, -2.080796979164745e-09, -0.6956276045725955, -0.17037939966529753, -0.32623299426697766, -0.5398107973858917], 'filename': None}, 'objectives': [-0.8660253979453812], 'genes': [0.4676818158934266, 0.4870834546759054, 0.5168793224801248, 0.4529352740685832, 0.46768041251051207, 0.46184971476784265, 0.5168810534027894, 0.47817082314684556, 0.025234928692475275], 'nondomLayer': [0], 'efeasible': 1, 'pheno': [-0.6463636821314687, -0.2583309064818913, 0.3375864496024956, -0.9412945186283359, -0.6463917497897587, -0.7630057046431471, 0.33762106805578895, -0.4365835370630897, 0.5046985738495056], 'violations': [0, 0, 0, 0, 0, 0, 0, 0, 0, 0, 0, 0, 0], 'id': 104}, 210000, 1999)
run is 10
({'violation_objectives': [0.0, 0.0], 'extrainfo': {'generation': 1996, 'constraints': [-8.032188469897505e-09, -0.2342563926142408, -2.8475707569697306e-08, -2.454877134905331e-08, -0.23436621040208938, -2.8062234758152726e-09, -1.4617067556343954e-09, -0.23408126136792362, -3.460067898863883e-08, -0.332922453133512, -0.5330208217675578, -0.33450898057650547, -0.5315984998893017], 'filename': None}, 'objectives': [-0.8660253776834386], 'genes': [0.48089426895272447, 0.4975476424741744, 0.5304559737084923, 0.46034607654484677, 0.480886681529797, 0.45379739200145375, 0.5304624849261595, 0.504104467787947, 0.04375338865121647], 'nondomLayer': [0], 'efeasible': 1, 'pheno': [-0.3821146209455115, -0.04904715051651287, 0.6091194741698462, -0.7930784691030652, -0.3822663694040589, -0.924052159970925, 0.6092496985231914, 0.08208935575894039, 0.8750677730243294], 'violations': [0, 0, 0, 0, 0, 0, 0, 0, 0, 0, 0, 0, 0], 'id': 59}, 210000, 1999)
run is 9
({'violation_objectives': [0.0, 0.0], 'extrainfo': {'generation': 1998, 'constraints': [-2.6150552834280916e-09, -0.9039679288862954, -1.8538641732845917e-09, -7.031405457880169e-10, -0.9039654930673447, -1.1316214632017818e-10, -8.466671808093906e-12, -0.9039741499780208, -1.1844625280588161e-09, -0.6501157530592968, -0.21591685247415227, -0.08454868511230293, -0.7814695148733225], 'filename': None}, 'objectives': [-0.8660254027595373], 'genes': [0.4863576001454826, 0.4673916631379639, 0.534837613555291, 0.46413440819901947, 0.4863582930892205, 0.4518969457526268, 0.5348370968943021, 0.4796284271995244, 0.015494520895602472], 'nondomLayer': [0], 'efeasible': 1, 'pheno': [-0.2728479970903468, -0.6521667372407229, 0.6967522711058205, -0.7173118360196113, -0.27283413821558966, -0.9620610849474645, 0.696741937886042, -0.4074314560095118, 0.3098904179120494], 'violations': [0, 0, 0, 0, 0, 0, 0, 0, 0, 0, 0, 0, 0], 'id': 19}, 210000, 1999)
run is 8
({'violation_objectives': [0.0, 0.0], 'extrainfo': {'generation': 1998, 'constraints': [-4.4199232163144586e-08, -0.42414646066387074, -6.105804750689003e-10, -1.7713838396105075e-08, -0.4240174455702419, -3.878431464876542e-09, -4.771476436182809e-09, -0.4242219949214697, -9.718848503759148e-09, -0.5889417146390384, -0.2771517981210783, -0.47320863492208365, -0.39274862044932635], 'filename': None}, 'objectives': [-0.8660253840657635], 'genes': [0.46881535337223623, 0.49885903531190656, 0.5182612997259461, 0.4534540568704309, 0.4688206795921892, 0.46091227843196, 0.518254956497803, 0.49139407495766674, 0.037942507143576096], 'nondomLayer': [0], 'efeasible': 1, 'pheno': [-0.6236929325552758, -0.02281929376186831, 0.3652259945189229, -0.9309188625913816, -0.6235864081562159, -0.7817544313608007, 0.3650991299560591, -0.1721185008466648, 0.758850142871522], 'violations': [0, 0, 0, 0, 0, 0, 0, 0, 0, 0, 0, 0, 0], 'id': 95}, 210000, 1999)
run is 7
({'violation_objectives': [0.0, 0.0], 'extrainfo': {'generation': 1999, 'constraints': [-1.4296475114861096e-10, -0.8767353627647263, -4.644113538176953e-09, -1.1669161192884303e-09, -0.8767341469195297, -7.081738528924575e-10, -7.944910285218043e-10, -0.87673692875526, -2.6941566755311896e-09, -0.6689435900212344, -0.1970838009608097, -0.153086713623352, -0.7129367000195173], 'filename': None}, 'objectives': [-0.8660254023124566], 'genes': [0.4781982268367093, 0.4725580578527139, 0.5280673676132367, 0.45862098509019317, 0.4781984057186754, 0.4550034392960725, 0.5280672031023499, 0.47617540556153837, 0.017554531981462344], 'nondomLayer': [0], 'efeasible': 1, 'pheno': [-0.43603546326581366, -0.548838842945722, 0.5613473522647343, -0.8275802981961373, -0.43603188562649287, -0.8999312140785491, 0.5613440620469987, -0.47649188876923176, 0.35109063962924686], 'violations': [0, 0, 0, 0, 0, 0, 0, 0, 0, 0, 0, 0, 0], 'id': 42}, 210210, 2001)
run is 6
({'violation_objectives': [0.0, 0.0], 'extrainfo': {'generation': 1993, 'constraints': [-7.2549518614906106e-09, -0.45312207872452115, -3.756384314712591e-09, -1.7719485878586738e-09, -0.45312881537893246, -1.3053782499383715e-09, -2.323690129202305e-10, -0.4531186528382637, -4.776242734649827e-10, -0.6206809154780194, -0.24534098864745543, -0.4814936311675535, -0.38453526796150383], 'filename': None}, 'objectives': [-0.8660254016272662], 'genes': [0.4674454410775627, 0.4990256212625741, 0.5165880341285791, 0.4528318210483835, 0.4674451756694521, 0.4620502516027286, 0.516588363953815, 0.48980753426389234, 0.03697559740137672], 'nondomLayer': [0], 'efeasible': 1, 'pheno': [-0.6510911784487465, -0.019487574748517034, 0.3317606825715824, -0.9433635790323294, -0.6510964866109585, -0.7589949679454282, 0.3317672790763009, -0.20384931472215229, 0.7395119480275345], 'violations': [0, 0, 0, 0, 0, 0, 0, 0, 0, 0, 0, 0, 0], 'id': 38}, 210000, 1999)
run is 5
({'violation_objectives': [0.0, 0.0], 'extrainfo': {'generation': 1999, 'constraints': [-1.4307658402490375e-07, -0.9990548772101583, -6.351179582253508e-08, -2.234029183867392e-09, -0.9990515062295144, -1.7503496518855854e-07, -5.142172565530956e-08, -0.9990571382796778, -2.103829810362612e-08, -0.8537842045986709, -0.012287197952270137, -0.018261536496468982, -0.8477177294365552], 'filename': None}, 'objectives': [-0.8660253342419827], 'genes': [0.47029583284460375, 0.4613169678311541, 0.5199838306925136, 0.4541671934836902, 0.47029953819022086, 0.45977709098652403, 0.5199796048928029, 0.45570249034209326, 0.0015371424704965558], 'nondomLayer': [0], 'efeasible': 1, 'pheno': [-0.5940833431079255, -0.7736606433769175, 0.3996766138502732, -0.9166561303261958, -0.594009236195582, -0.8044581802695188, 0.39959209785605765, -0.8859501931581342, 0.030742849409931116], 'violations': [0, 0, 0, 0, 0, 0, 0, 0, 0, 0, 0, 0, 0], 'id': 12}, 210000, 1999)
run is 4
({'violation_objectives': [0.0, 0.0], 'extrainfo': {'generation': 1989, 'constraints': [-1.1837517632784511e-09, -0.7861152065787859, -3.5135596654356505e-09, -5.960545390593097e-10, -0.7861172086827158, -5.71326874698741e-10, -3.409372340001937e-09, -0.7861151394180002, -2.128274223522908e-10, -0.8527289515484281, -0.013295180273657564, -0.3937035345349119, -0.4723231384676523], 'filename': None}, 'objectives': [-0.866025402412325], 'genes': [0.45743538749641655, 0.4968892492322249, 0.5014373888791885, 0.4500206651679856, 0.45743532087647126, 0.47376551730399213, 0.5014375159414152, 0.47314450895397536, 0.023123840155844254], 'nondomLayer': [0], 'efeasible': 1, 'pheno': [-0.8512922500716691, -0.06221501535550189, 0.028747777583770784, -0.9995866966402875, -0.851293582470575, -0.5246896539201575, 0.028750318828302923, -0.5371098209204934, 0.4624768031168851], 'violations': [0, 0, 0, 0, 0, 0, 0, 0, 0, 0, 0, 0, 0], 'id': 93}, 210525, 2004)
run is 3
({'violation_objectives': [0.0, 0.0], 'extrainfo': {'generation': 1998, 'constraints': [-2.6481991466376087e-07, -0.9963707117458264, -1.8754965902534337e-07, -1.1265455523989942e-06, -0.9964054039122995, -1.1334693394982054e-07, -1.2386639713923842e-08, -0.9963378375407597, -1.2796817938642846e-08, -0.8367535297701382, -0.028990523665596485, -0.03123906132806249, -0.8350669242267919], 'filename': None}, 'objectives': [-0.8660250194952945], 'genes': [0.47409671786553087, 0.4602451685558516, 0.5240610919617358, 0.4561700651202958, 0.4740727026499075, 0.45724751722711604, 0.524085701134531, 0.4591957552129384, 0.003012178719039433], 'nondomLayer': [0], 'efeasible': 1, 'pheno': [-0.5180656426893826, -0.795096628882968, 0.4812218392347152, -0.8765986975940834, -0.5185459470018507, -0.8550496554576785, 0.48171402269062114, -0.8160848957412323, 0.06024357438078866], 'violations': [0, 0, 0, 0, 0, 0, 0, 0, 0, 0, 0, 0, 0], 'id': 26}, 210000, 1999)
run is 2
({'violation_objectives': [0.0, 0.0], 'extrainfo': {'generation': 1993, 'constraints': [-6.399445418026062e-10, -0.9177946098597327, -1.2124885540032437e-09, -3.125077974175383e-11, -0.917811569525486, -9.482548080086417e-10, -1.4377743440263657e-10, -0.9177844888141894, -5.276408199250682e-10, -0.7599959813761086, -0.10600555853157562, -0.17770517196146926, -0.6883440927158349], 'filename': None}, 'objectives': [-0.8660254022924941], 'genes': [0.46901199052883197, 0.4750961786382312, 0.5184862361067588, 0.4535429330133154, 0.46901011784874114, 0.4607619164430796, 0.5184884532416054, 0.4678795565017397, 0.014335741185954367], 'nondomLayer': [0], 'efeasible': 1, 'pheno': [-0.61976018942336, -0.49807642723537526, 0.36972472213517626, -0.9291413397336932, -0.6197976430251764, -0.7847616711384084, 0.36976906483210925, -0.6424088699652071, 0.28671482371908735], 'violations': [0, 0, 0, 0, 0, 0, 0, 0, 0, 0, 0, 0, 0], 'id': 89}, 210210, 2001)
run is 1
({'violation_objectives': [0.0, 0.0], 'extrainfo': {'generation': 1998, 'constraints': [-1.1339366112750326e-09, -0.9874635090153567, -6.0278888547316e-09, -1.945588357088468e-09, -0.9874636186850622, -6.134970309545906e-10, -3.5648625162920666e-09, -0.9874632394859959, -3.7574663380723905e-09, -0.7886535989477945, -0.07737093394466668, -0.031404989957161365, -0.834621279796671], 'filename': None}, 'objectives': [-0.8660254013231468], 'genes': [0.4859758004395085, 0.45760538850551485, 0.534550938398659, 0.4638581592480788, 0.48597571700250647, 0.452007089363777, 0.5345510012547792, 0.4694565430578099, 0.005598323629588425], 'nondomLayer': [0], 'efeasible': 1, 'pheno': [-0.2804839912098309, -0.8478922298897036, 0.6910187679731798, -0.7228368150384235, -0.2804856599498713, -0.9598582127244608, 0.6910200250955825, -0.6108691388438015, 0.1119664725917685], 'violations': [0, 0, 0, 0, 0, 0, 0, 0, 0, 0, 0, 0, 0], 'id': 9}, 210000, 1999)
maxo is -0.866023858619
mino is -0.86602540276
the average is -0.866025317468
variance is 3.07028282618e-07
the generation is [1999, 2000, 2000, 2004, 1999, 2003, 2000, 1999, 1999, 1999, 1999, 1999, 2000, 2003, 1999, 1999, 1999, 1999, 2001, 1999, 1999, 2004, 1999, 2001, 1999]
the average generation is 2000.04
variance generation is 1.63658180364
the evaTime is [210000, 210105, 210105, 210525, 210000, 210420, 210105, 210000, 210000, 210000, 210000, 210000, 210105, 210420, 210000, 210000, 210000, 210000, 210210, 210000, 210000, 210525, 210000, 210210, 210000]
the average evaTime is 210109.2
variance evaTime 171.841089382
