this is nsga_ii
run is 25
({'violation_objectives': [0.0, 0.0], 'extrainfo': {'generation': 1999, 'constraints': [-2.7356938998579494e-06, -9.020398188397394e-07, -3.8681118752492694e-07, -1.241970037924034e-07, -3.752310131943659e-06], 'filename': None}, 'objectives': [32.65560288305726], 'genes': [1.954699068757776e-11, 1.5208220515413818e-08, 0.39423010063915714, 4.712799699138661e-08, 0.3283942935314638, 0.999999764623229, 6.664841868051379e-11, 2.842577722808633e-10, 1.362897060436554e-07, 1.698662742865963e-08, 0.03712359959576126, 0.02782837385298565, 0.052366447314143014, 0.03881289500391953, 0.029808107501816727], 'nondomLayer': [0], 'efeasible': 1, 'pheno': [1.954699068757776e-10, 1.5208220515413819e-07, 3.9423010063915713, 4.712799699138661e-07, 3.2839429353146383, 9.999997646232291, 6.664841868051379e-10, 2.842577722808633e-09, 1.362897060436554e-06, 1.698662742865963e-07, 0.3712359959576126, 0.2782837385298565, 0.5236644731414302, 0.38812895003919534, 0.2980810750181673], 'violations': [0, 0, 0, 0, 0], 'id': 9}, 210000, 1999)
run is 24
({'violation_objectives': [0.0, 0.0], 'extrainfo': {'generation': 1994, 'constraints': [-9.046442698057433e-06, -0.00011319983799751299, -1.3640327836128563e-05, -5.0844101195934854e-06, -4.383704331978322e-05], 'filename': None}, 'objectives': [32.65569958002857], 'genes': [1.0998368494873966e-09, 3.864615195860327e-09, 0.3936732700224185, 5.342159240312102e-07, 0.32813438358205355, 0.999999951298419, 3.229251272274682e-09, 1.112825559369278e-09, 9.51561987928601e-07, 3.1939635910209245e-07, 0.03722944329533803, 0.02792936637862814, 0.05237981945135581, 0.03877227048596268, 0.029729951361891143], 'nondomLayer': [0], 'efeasible': 1, 'pheno': [1.0998368494873965e-08, 3.8646151958603266e-08, 3.9367327002241845, 5.342159240312102e-06, 3.2813438358205356, 9.99999951298419, 3.2292512722746824e-08, 1.1128255593692778e-08, 9.51561987928601e-06, 3.1939635910209243e-06, 0.3722944329533803, 0.2792936637862814, 0.5237981945135581, 0.3877227048596268, 0.29729951361891144], 'violations': [0, 0, 0, 0, 0], 'id': 17}, 210000, 1999)
run is 23
({'violation_objectives': [0.0, 0.0], 'extrainfo': {'generation': 1996, 'constraints': [-0.00011925591361627852, -7.5180980196876135e-06, -1.335021768511524e-05, -6.154510193923102e-06, -1.851504997318898e-06], 'filename': None}, 'objectives': [32.656088319030275], 'genes': [1.8200071148454066e-09, 7.064230400529602e-08, 0.39133609020787385, 4.243436615040005e-06, 0.3289600934152476, 0.9999988818903213, 5.04713867102928e-10, 1.369398109600503e-09, 1.1811860062691353e-06, 2.915975400520126e-06, 0.03749735780269784, 0.027704157104047236, 0.05223313396400477, 0.038428818173046594, 0.029742282452263333], 'nondomLayer': [0], 'efeasible': 1, 'pheno': [1.8200071148454065e-08, 7.064230400529602e-07, 3.9133609020787388, 4.2434366150400046e-05, 3.2896009341524763, 9.999988818903212, 5.0471386710292795e-09, 1.3693981096005031e-08, 1.1811860062691353e-05, 2.915975400520126e-05, 0.3749735780269784, 0.27704157104047233, 0.5223313396400477, 0.38428818173046597, 0.29742282452263336], 'violations': [0, 0, 0, 0, 0], 'id': 21}, 210000, 1999)
run is 22
({'violation_objectives': [0.0, 0.0], 'extrainfo': {'generation': 1997, 'constraints': [-5.902670819679656e-06, -8.653906782285503e-06, -9.39892156281985e-06, -1.5788624989632183e-06, -0.00010907859101472184], 'filename': None}, 'objectives': [32.65570061932944], 'genes': [1.174818766201201e-09, 3.5403837750977824e-08, 0.3944084950489583, 1.6619372499746114e-06, 0.3286595528647443, 0.9999968517339783, 4.075451865165509e-09, 1.7628249497566446e-10, 1.1457316455786663e-07, 9.407823945801325e-07, 0.03707282319052146, 0.027733972883926976, 0.052343534134764995, 0.0388098159268987, 0.0298664862823948], 'nondomLayer': [0], 'efeasible': 1, 'pheno': [1.1748187662012009e-08, 3.5403837750977826e-07, 3.944084950489583, 1.6619372499746114e-05, 3.286595528647443, 9.999968517339784, 4.075451865165509e-08, 1.7628249497566445e-09, 1.1457316455786665e-06, 9.407823945801325e-06, 0.3707282319052146, 0.2773397288392698, 0.5234353413476499, 0.388098159268987, 0.298664862823948], 'violations': [0, 0, 0, 0, 0], 'id': 32}, 210000, 1999)
run is 21
({'violation_objectives': [0.0, 0.0], 'extrainfo': {'generation': 1997, 'constraints': [-1.016381175666936e-06, -2.9437111237484714e-07, -9.11387047608514e-07, -4.033747793563691e-06, -0.00015849587950711452], 'filename': None}, 'objectives': [32.65566569392787], 'genes': [2.1203910444558313e-09, 4.073172068046784e-07, 0.39486784200524366, 1.489896964334268e-07, 0.3282200824050274, 0.9999992634619301, 9.429117168392658e-10, 9.401499534329068e-10, 6.940385819349468e-07, 7.245555148090609e-08, 0.03704578844855261, 0.027871461039656476, 0.05240139314883292, 0.038901838319436235, 0.02981517977893536], 'nondomLayer': [0], 'efeasible': 1, 'pheno': [2.1203910444558314e-08, 4.0731720680467835e-06, 3.9486784200524365, 1.4898969643342681e-06, 3.2822008240502742, 9.999992634619302, 9.429117168392657e-09, 9.401499534329067e-09, 6.940385819349469e-06, 7.245555148090609e-07, 0.3704578844855261, 0.27871461039656475, 0.5240139314883292, 0.3890183831943623, 0.29815179778935363], 'violations': [0, 0, 0, 0, 0], 'id': 21}, 210000, 1999)
run is 20
({'violation_objectives': [0.0, 0.0], 'extrainfo': {'generation': 1996, 'constraints': [-7.89342244011948e-07, -2.33914871472507e-07, -1.5442772394180793e-07, -5.002933045616942e-08, -1.4356718782693179e-06], 'filename': None}, 'objectives': [32.65559964906954], 'genes': [3.11116553730669e-11, 3.985609297575663e-09, 0.3947222670997277, 3.2483692297618035e-09, 0.328464247218266, 0.9999999781638711, 1.8646862246911017e-10, 1.2561181391750028e-10, 1.5871162682246938e-07, 1.2660679427591247e-07, 0.03704481112026694, 0.02779323643170574, 0.05237161313922376, 0.038863203833648045, 0.029848888565383157], 'nondomLayer': [0], 'efeasible': 1, 'pheno': [3.11116553730669e-10, 3.985609297575663e-08, 3.947222670997277, 3.248369229761803e-08, 3.28464247218266, 9.99999978163871, 1.864686224691102e-09, 1.2561181391750027e-09, 1.5871162682246939e-06, 1.2660679427591247e-06, 0.3704481112026694, 0.27793236431705737, 0.5237161313922376, 0.38863203833648047, 0.2984888856538316], 'violations': [0, 0, 0, 0, 0], 'id': 10}, 210000, 1999)
run is 19
({'violation_objectives': [0.0, 0.0], 'extrainfo': {'generation': 1995, 'constraints': [-5.281660193645621e-07, -7.250542921610759e-08, -7.078263308812893e-09, -8.850647326141825e-09, -1.6334705499332358e-07], 'filename': None}, 'objectives': [32.65559381230882], 'genes': [3.854649978276994e-11, 6.45673034804615e-10, 0.3945272198259618, 7.955816708313694e-11, 0.32835011318290996, 0.9999999947897666, 1.9436302035302166e-12, 9.419142025939968e-13, 2.5882506395628184e-08, 1.6501467271255456e-08, 0.037084042929170245, 0.027836356736273746, 0.05237861971562878, 0.0388509029065179, 0.029817301601546352], 'nondomLayer': [0], 'efeasible': 1, 'pheno': [3.854649978276994e-10, 6.456730348046149e-09, 3.9452721982596177, 7.955816708313694e-10, 3.2835011318291, 9.999999947897667, 1.9436302035302166e-11, 9.419142025939968e-12, 2.5882506395628186e-07, 1.6501467271255456e-07, 0.37084042929170247, 0.2783635673627375, 0.5237861971562878, 0.38850902906517903, 0.29817301601546353], 'violations': [0, 0, 0, 0, 0], 'id': 81}, 210000, 1999)
run is 18
({'violation_objectives': [0.0, 0.0], 'extrainfo': {'generation': 1998, 'constraints': [-3.085061944663181e-05, -5.686922669667638e-06, -7.606363666212701e-05, -8.037543589800578e-06, -4.236780401178919e-05], 'filename': None}, 'objectives': [32.6561998557513], 'genes': [6.178077779364335e-09, 4.5834673011613417e-07, 0.39138520889620937, 5.9120235334481796e-06, 0.32832890697792705, 0.9999657532099587, 1.9974742754144243e-08, 8.220364687411514e-09, 1.4496902456608152e-06, 3.6221788197453784e-07, 0.037545903833878895, 0.027915429756069945, 0.05230419964445667, 0.03849354337109802, 0.029635758240325813], 'nondomLayer': [0], 'efeasible': 1, 'pheno': [6.178077779364335e-08, 4.583467301161342e-06, 3.9138520889620936, 5.91202353344818e-05, 3.2832890697792703, 9.999657532099587, 1.9974742754144242e-07, 8.220364687411514e-08, 1.4496902456608152e-05, 3.622178819745378e-06, 0.37545903833878896, 0.2791542975606994, 0.5230419964445667, 0.38493543371098016, 0.29635758240325816], 'violations': [0, 0, 0, 0, 0], 'id': 16}, 210000, 1999)
run is 17
({'violation_objectives': [0.0, 0.0], 'extrainfo': {'generation': 1997, 'constraints': [-6.222485104956377e-08, -6.62495628134252e-06, -5.276285790500879e-07, -1.536691245362931e-07, -6.235409184540686e-07], 'filename': None}, 'objectives': [32.65560038541769], 'genes': [4.3321066596597807e-10, 8.946247736290456e-09, 0.39493580197928096, 1.8462896684284332e-09, 0.32825092433870623, 0.9999997962582668, 2.607269777735535e-10, 5.9573302827216646e-12, 4.917763268112508e-08, 3.233497521017226e-09, 0.037033176883017334, 0.027860277021004923, 0.052399482215911695, 0.03890662416120955, 0.02982321199606359], 'nondomLayer': [0], 'efeasible': 1, 'pheno': [4.332106659659781e-09, 8.946247736290456e-08, 3.9493580197928098, 1.8462896684284332e-08, 3.282509243387062, 9.999997962582668, 2.6072697777355353e-09, 5.957330282721665e-11, 4.917763268112508e-07, 3.233497521017226e-08, 0.3703317688301733, 0.2786027702100492, 0.523994822159117, 0.3890662416120955, 0.2982321199606359], 'violations': [0, 0, 0, 0, 0], 'id': 10}, 210000, 1999)
run is 16
({'violation_objectives': [0.0, 0.0], 'extrainfo': {'generation': 1998, 'constraints': [-4.220688493816738e-05, -6.946049536438181e-05, -1.626786521313761e-05, -2.5609285279060146e-06, -0.0001569720669127861], 'filename': None}, 'objectives': [32.6558087659999], 'genes': [1.913977991711192e-09, 1.6334411635907323e-08, 0.39457090849726467, 2.494206909170375e-07, 0.32876614844111224, 0.9999943378630514, 5.1297107814488815e-09, 1.82366838575836e-08, 8.911551602203206e-06, 1.4364555087955877e-06, 0.037038299980781494, 0.02769393756887312, 0.05233851859555878, 0.038821394474206274, 0.029897731984735765], 'nondomLayer': [0], 'efeasible': 1, 'pheno': [1.9139779917111917e-08, 1.6334411635907323e-07, 3.9457090849726466, 2.494206909170375e-06, 3.2876614844111223, 9.999943378630514, 5.1297107814488814e-08, 1.82366838575836e-07, 8.911551602203206e-05, 1.4364555087955876e-05, 0.37038299980781497, 0.2769393756887312, 0.5233851859555878, 0.3882139447420627, 0.29897731984735765], 'violations': [0, 0, 0, 0, 0], 'id': 24}, 210000, 1999)
run is 15
({'violation_objectives': [0.0, 0.0], 'extrainfo': {'generation': 1998, 'constraints': [-8.625094416458978e-08, -3.078832653358177e-05, -3.365710128377941e-07, -2.769833340465766e-07, -2.832972592514693e-06], 'filename': None}, 'objectives': [32.65561355968286], 'genes': [6.547435543521275e-11, 3.4650593578941934e-09, 0.39506739587020395, 6.37786133574148e-08, 0.3281578353520417, 0.9999998766978546, 9.850655560884444e-11, 5.0380327645398606e-11, 7.641436628997306e-08, 9.022521775649433e-09, 0.037022483778100475, 0.02788868892245275, 0.0524126190033461, 0.03892998019917123, 0.029814178918220954], 'nondomLayer': [0], 'efeasible': 1, 'pheno': [6.547435543521275e-10, 3.4650593578941934e-08, 3.9506739587020396, 6.37786133574148e-07, 3.281578353520417, 9.999998766978546, 9.850655560884443e-10, 5.038032764539861e-10, 7.641436628997307e-07, 9.022521775649433e-08, 0.37022483778100473, 0.27888688922452753, 0.5241261900334611, 0.3892998019917123, 0.29814178918220957], 'violations': [0, 0, 0, 0, 0], 'id': 37}, 210000, 1999)
run is 14
({'violation_objectives': [0.0, 0.0], 'extrainfo': {'generation': 1999, 'constraints': [-3.3251412911994294e-07, -2.1466436095352037e-07, -3.2291855944777126e-07, -6.162144017274329e-07, -4.206877317614044e-07], 'filename': None}, 'objectives': [32.65559603525019], 'genes': [7.910952853653108e-11, 1.0369391476603938e-08, 0.39444516196599283, 8.139846312668448e-09, 0.3282763418410217, 0.9999999556884033, 2.933475411551579e-10, 1.6033352387414005e-10, 1.870772456178077e-08, 6.434446961886165e-08, 0.03710291664113236, 0.02786316788095939, 0.05238429552483174, 0.038848030716637935, 0.029799477515560585], 'nondomLayer': [0], 'efeasible': 1, 'pheno': [7.910952853653108e-10, 1.0369391476603939e-07, 3.944451619659928, 8.139846312668448e-08, 3.2827634184102172, 9.999999556884033, 2.933475411551579e-09, 1.6033352387414005e-09, 1.8707724561780772e-07, 6.434446961886165e-07, 0.3710291664113236, 0.2786316788095939, 0.5238429552483174, 0.3884803071663794, 0.29799477515560585], 'violations': [0, 0, 0, 0, 0], 'id': 96}, 210000, 1999)
run is 13
({'violation_objectives': [0.0, 0.0], 'extrainfo': {'generation': 1994, 'constraints': [-6.685072976075901e-06, -4.720904080102173e-06, -6.994623475975459e-07, -5.512282803543656e-07, -7.649698066103383e-06], 'filename': None}, 'objectives': [32.65560699931477], 'genes': [9.229742223497432e-10, 1.0798549621244462e-09, 0.3947242455939731, 5.576137254693602e-08, 0.3284617533641482, 0.9999998850123073, 1.0157796239127338e-09, 1.0150142381065273e-10, 2.97625935002527e-07, 3.280467255897488e-08, 0.03704476372965323, 0.02779401912035298, 0.05237197000363954, 0.03886367002851895, 0.029848619479652536], 'nondomLayer': [0], 'efeasible': 1, 'pheno': [9.229742223497431e-09, 1.0798549621244461e-08, 3.9472424559397314, 5.576137254693602e-07, 3.284617533641482, 9.999998850123074, 1.0157796239127339e-08, 1.0150142381065274e-09, 2.97625935002527e-06, 3.2804672558974876e-07, 0.3704476372965323, 0.2779401912035298, 0.5237197000363953, 0.3886367002851895, 0.2984861947965254], 'violations': [0, 0, 0, 0, 0], 'id': 46}, 210000, 1999)
run is 12
({'violation_objectives': [0.0, 0.0], 'extrainfo': {'generation': 1993, 'constraints': [-7.570277027468819e-08, -2.6893640246328232e-05, -1.3532034230934187e-06, -4.817000331058807e-06, -6.75166679773298e-05], 'filename': None}, 'objectives': [32.6556587693586], 'genes': [9.980072118638353e-09, 1.9667933337548285e-07, 0.39423585607565437, 3.0239844281931985e-07, 0.3282593377400071, 0.9999990943095571, 2.1540161125996626e-09, 1.5107699218235192e-08, 7.20122299706104e-08, 6.552044480668406e-07, 0.03713515914026446, 0.02787360006731757, 0.05238096815391369, 0.03882565487630164, 0.02978486249272588], 'nondomLayer': [0], 'efeasible': 1, 'pheno': [9.980072118638354e-08, 1.9667933337548286e-06, 3.942358560756544, 3.0239844281931985e-06, 3.282593377400071, 9.999990943095572, 2.1540161125996625e-08, 1.5107699218235192e-07, 7.20122299706104e-07, 6.552044480668405e-06, 0.3713515914026446, 0.2787360006731757, 0.5238096815391369, 0.38825654876301635, 0.2978486249272588], 'violations': [0, 0, 0, 0, 0], 'id': 41}, 210000, 1999)
run is 11
({'violation_objectives': [0.0, 0.0], 'extrainfo': {'generation': 1998, 'constraints': [-6.1701802422931e-07, -3.859832560237919e-07, -2.03200585247032e-08, -9.124037614327563e-08, -8.160152198399828e-08], 'filename': None}, 'objectives': [32.655594217690755], 'genes': [1.2876351648713772e-10, 3.1983054779015576e-10, 0.3946311967539995, 3.823705504891056e-09, 0.32827855704668824, 0.9999999907215614, 1.7279236209025643e-10, 1.1574167364026465e-11, 7.048947580453529e-08, 4.5712575536171775e-09, 0.03707538245991743, 0.02785806579617818, 0.052388803579254385, 0.03886919375780404, 0.02981058977430549], 'nondomLayer': [0], 'efeasible': 1, 'pheno': [1.2876351648713771e-09, 3.1983054779015578e-09, 3.946311967539995, 3.8237055048910556e-08, 3.2827855704668822, 9.999999907215614, 1.7279236209025642e-09, 1.1574167364026465e-10, 7.048947580453529e-07, 4.571257553617178e-08, 0.3707538245991743, 0.2785806579617818, 0.5238880357925438, 0.3886919375780404, 0.2981058977430549], 'violations': [0, 0, 0, 0, 0], 'id': 83}, 210000, 1999)
run is 10
({'violation_objectives': [0.0, 0.0], 'extrainfo': {'generation': 1999, 'constraints': [-9.64498148015025e-07, -1.3069268334220396e-07, -1.378943103702568e-06, -3.180021135307243e-08, -4.201393400293796e-06], 'filename': None}, 'objectives': [32.65560592309938], 'genes': [8.433321945141786e-11, 1.6475288475747243e-09, 0.394801715414123, 2.1201015861856868e-08, 0.3281718850444944, 0.9999989798665906, 1.5146809615058488e-10, 1.553961299453105e-11, 4.5916474875014917e-07, 3.917805774405979e-08, 0.03706011459348221, 0.027889994270904186, 0.05240454645709851, 0.038898374728680345, 0.0298016930224074], 'nondomLayer': [0], 'efeasible': 1, 'pheno': [8.433321945141786e-10, 1.6475288475747244e-08, 3.94801715414123, 2.1201015861856867e-07, 3.281718850444944, 9.999989798665906, 1.5146809615058487e-09, 1.553961299453105e-10, 4.591647487501492e-06, 3.917805774405979e-07, 0.37060114593482213, 0.27889994270904184, 0.5240454645709851, 0.38898374728680346, 0.298016930224074], 'violations': [0, 0, 0, 0, 0], 'id': 99}, 210000, 1999)
run is 9
({'violation_objectives': [0.0, 0.0], 'extrainfo': {'generation': 1997, 'constraints': [-4.1787542507165654e-05, -1.1637569404143733e-05, -5.467519649471342e-06, -1.9511248813053328e-05, -0.00020543183956434063], 'filename': None}, 'objectives': [32.65596566555106], 'genes': [2.131117288274088e-09, 1.7974297572496098e-06, 0.3918616758864762, 3.7217529915744414e-08, 0.3283780832486619, 0.9999990984634388, 1.4768599426643808e-08, 9.825723039659422e-09, 2.5268984953144792e-06, 4.518875889420131e-07, 0.037472400717891166, 0.027887829972903223, 0.052308417126704136, 0.038542939781082655, 0.02967114576538332], 'nondomLayer': [0], 'efeasible': 1, 'pheno': [2.1311172882740882e-08, 1.7974297572496098e-05, 3.918616758864762, 3.7217529915744414e-07, 3.2837808324866193, 9.999990984634389, 1.4768599426643807e-07, 9.825723039659421e-08, 2.526898495314479e-05, 4.518875889420131e-06, 0.37472400717891163, 0.2788782997290322, 0.5230841712670413, 0.3854293978108265, 0.29671145765383317], 'violations': [0, 0, 0, 0, 0], 'id': 24}, 210000, 1999)
run is 8
({'violation_objectives': [0.0, 0.0], 'extrainfo': {'generation': 1993, 'constraints': [-0.00024277565039820814, -8.137967980914596e-05, -2.186257034964001e-05, -1.034409156108751e-05, -1.6582123048891617e-05], 'filename': None}, 'objectives': [32.65604197378964], 'genes': [6.767419560513304e-10, 2.6445574592566815e-07, 0.3938428267295677, 1.7367925088973384e-06, 0.3271734393566403, 0.9999991066947206, 8.418367987316783e-08, 7.663284468280307e-09, 9.857411161067744e-07, 4.273142870222613e-06, 0.037294238779242775, 0.028247923245431624, 0.05248551224972701, 0.0388758526844117, 0.029570359983487324], 'nondomLayer': [0], 'efeasible': 1, 'pheno': [6.767419560513304e-09, 2.6445574592566815e-06, 3.938428267295677, 1.7367925088973383e-05, 3.271734393566403, 9.999991066947207, 8.418367987316783e-07, 7.663284468280306e-08, 9.857411161067745e-06, 4.2731428702226125e-05, 0.3729423877924277, 0.2824792324543162, 0.5248551224972701, 0.38875852684411705, 0.29570359983487327], 'violations': [0, 0, 0, 0, 0], 'id': 101}, 210000, 1999)
run is 7
({'violation_objectives': [0.0, 0.0], 'extrainfo': {'generation': 1999, 'constraints': [-8.981229093762977e-08, -1.2580389707750328e-07, -5.1442725634842645e-08, -8.128785511374303e-08, -3.125452945340612e-07], 'filename': None}, 'objectives': [32.655594659815506], 'genes': [2.3105699633321363e-10, 2.59187026706028e-09, 0.3945094106467225, 9.475955546388716e-09, 0.32827698790551607, 0.9999999450676385, 1.4890260167191945e-10, 2.8690907972139164e-10, 1.2280901618093232e-08, 2.6978418891982868e-08, 0.037093418615343675, 0.02786144578339731, 0.05238586086197257, 0.038855344893745945, 0.029803287455710932], 'nondomLayer': [0], 'efeasible': 1, 'pheno': [2.3105699633321363e-09, 2.59187026706028e-08, 3.9450941064672254, 9.475955546388716e-08, 3.2827698790551607, 9.999999450676384, 1.4890260167191945e-09, 2.8690907972139166e-09, 1.2280901618093233e-07, 2.697841889198287e-07, 0.37093418615343676, 0.2786144578339731, 0.5238586086197257, 0.38855344893745947, 0.2980328745571093], 'violations': [0, 0, 0, 0, 0], 'id': 17}, 210000, 1999)
run is 6
({'violation_objectives': [0.0, 0.0], 'extrainfo': {'generation': 1990, 'constraints': [-1.591170959525101e-05, -3.5794285935253356e-06, -5.959680606792972e-07, -4.1111018944661737e-07, -1.5014489804343611e-05], 'filename': None}, 'objectives': [32.6556224487011], 'genes': [3.660592418378938e-10, 4.013687309123941e-08, 0.39469334001430517, 1.4933026700807804e-07, 0.32826434600404913, 0.9999970791166947, 3.6645522097022276e-09, 3.2078015460492476e-10, 1.0914210204688372e-07, 1.366583488827014e-07, 0.03706748021142231, 0.027861321012617155, 0.05239221825418548, 0.038877763101084546, 0.02981194604804021], 'nondomLayer': [0], 'efeasible': 1, 'pheno': [3.660592418378938e-09, 4.013687309123941e-07, 3.9469334001430516, 1.4933026700807804e-06, 3.2826434600404912, 9.999970791166946, 3.664552209702227e-08, 3.2078015460492474e-09, 1.0914210204688372e-06, 1.366583488827014e-06, 0.3706748021142231, 0.2786132101261716, 0.5239221825418549, 0.38877763101084545, 0.2981194604804021], 'violations': [0, 0, 0, 0, 0], 'id': 14}, 210000, 1999)
run is 5
({'violation_objectives': [0.0, 0.0], 'extrainfo': {'generation': 1997, 'constraints': [-3.418862348780749e-08, -2.4374671170335205e-09, -1.271810390335304e-08, -6.604269620069658e-08, -2.2888285045041812e-08], 'filename': None}, 'objectives': [32.65559360189391], 'genes': [2.9818209605364764e-11, 5.618977461226073e-10, 0.39463094851261643, 2.1409555327219927e-10, 0.3283035059533801, 0.9999999934925479, 3.6618379828772544e-12, 7.590342006293499e-12, 8.37920547658931e-08, 4.331288605681925e-09, 0.0370731071161217, 0.027849652174766107, 0.052386174613722525, 0.038866958170327905, 0.02981501224538023], 'nondomLayer': [0], 'efeasible': 1, 'pheno': [2.9818209605364764e-10, 5.618977461226073e-09, 3.9463094851261644, 2.1409555327219927e-09, 3.283035059533801, 9.999999934925478, 3.661837982877255e-11, 7.590342006293499e-11, 8.37920547658931e-07, 4.331288605681926e-08, 0.37073107116121695, 0.27849652174766104, 0.5238617461372252, 0.38866958170327903, 0.2981501224538023], 'violations': [0, 0, 0, 0, 0], 'id': 54}, 210000, 1999)
run is 4
({'violation_objectives': [0.0, 0.0], 'extrainfo': {'generation': 1989, 'constraints': [-1.9253539207397807e-07, -7.285678584878497e-07, -1.3873234649963706e-07, -1.4176978080371327e-07, -3.3747323193722423e-06], 'filename': None}, 'objectives': [32.6556031920605], 'genes': [9.843300117908949e-11, 1.601817435474144e-08, 0.39474280947700763, 1.6291862045712735e-07, 0.32823080868309856, 0.9999997353324573, 1.3589258498253482e-09, 1.2279074084283e-11, 1.6057231322589536e-07, 2.407472371019413e-07, 0.03706339973556557, 0.027871524208180693, 0.05239672298268222, 0.03888625500021043, 0.029808614651959192], 'nondomLayer': [0], 'efeasible': 1, 'pheno': [9.84330011790895e-10, 1.6018174354741438e-07, 3.947428094770076, 1.6291862045712735e-06, 3.2823080868309855, 9.999997353324574, 1.3589258498253482e-08, 1.2279074084283e-10, 1.6057231322589536e-06, 2.407472371019413e-06, 0.3706339973556557, 0.2787152420818069, 0.5239672298268222, 0.3888625500021043, 0.2980861465195919], 'violations': [0, 0, 0, 0, 0], 'id': 0}, 210000, 1999)
run is 3
({'violation_objectives': [0.0, 0.0], 'extrainfo': {'generation': 1998, 'constraints': [-1.9290119572801245e-06, -1.3378622885085178e-05, -5.230858739935229e-06, -1.0495016296019344e-06, -4.223677896320055e-06], 'filename': None}, 'objectives': [32.65561890555945], 'genes': [2.8064521994795407e-10, 1.8232694384154992e-08, 0.3947298872858648, 6.700967164304028e-08, 0.32844214166928776, 0.9999975497443311, 7.421600113821848e-11, 7.458164765893e-10, 1.9478928463414872e-07, 3.0660204333428087e-07, 0.03704562440530422, 0.0278005550426492, 0.05237441227673411, 0.03886624845658029, 0.029845556491895162], 'nondomLayer': [0], 'efeasible': 1, 'pheno': [2.8064521994795407e-09, 1.823269438415499e-07, 3.9472988728586476, 6.700967164304028e-07, 3.2844214166928776, 9.99997549744331, 7.421600113821848e-10, 7.458164765893e-09, 1.9478928463414874e-06, 3.0660204333428085e-06, 0.3704562440530422, 0.278005550426492, 0.5237441227673411, 0.3886624845658029, 0.29845556491895164], 'violations': [0, 0, 0, 0, 0], 'id': 67}, 210000, 1999)
run is 2
({'violation_objectives': [0.0, 0.0], 'extrainfo': {'generation': 1994, 'constraints': [-3.0449626340356417e-06, -1.0599206845540721e-07, -5.390611761413311e-07, -4.0665352640800734e-07, -4.365853349952431e-07], 'filename': None}, 'objectives': [32.65561049799655], 'genes': [6.671740301001447e-10, 3.670226625480912e-08, 0.395146532797963, 4.008998463888371e-09, 0.32810223068924227, 0.9999997070811393, 4.06161930584277e-11, 3.0149356826912063e-10, 6.741499276103744e-09, 1.6608300362748112e-08, 0.03701598321139739, 0.027905428898116837, 0.05242047993834987, 0.03894394215524547, 0.029808981565103997], 'nondomLayer': [0], 'efeasible': 1, 'pheno': [6.671740301001448e-09, 3.6702266254809123e-07, 3.9514653279796303, 4.008998463888371e-08, 3.2810223068924227, 9.999997070811393, 4.06161930584277e-10, 3.014935682691206e-09, 6.741499276103745e-08, 1.660830036274811e-07, 0.37015983211397385, 0.27905428898116835, 0.5242047993834987, 0.3894394215524547, 0.29808981565104], 'violations': [0, 0, 0, 0, 0], 'id': 39}, 210000, 1999)
run is 1
({'violation_objectives': [0.0, 0.0], 'extrainfo': {'generation': 1997, 'constraints': [-3.6195830386276384e-06, -1.177340312352726e-05, -1.4543013904244617e-06, -1.4013626303821525e-06, -1.8071597551738705e-08], 'filename': None}, 'objectives': [32.65561817546185], 'genes': [1.9003783162306326e-09, 4.542248269092358e-08, 0.3951883800423773, 3.27454542225906e-08, 0.32836331173181166, 0.9999991013968517, 1.1394048692396638e-10, 1.3062813237870891e-09, 2.585203399581693e-08, 3.020082865550627e-07, 0.03698563692015958, 0.02781645107364481, 0.052394172759067596, 0.038925712981310236, 0.02985776489276689], 'nondomLayer': [0], 'efeasible': 1, 'pheno': [1.9003783162306325e-08, 4.542248269092358e-07, 3.9518838004237726, 3.27454542225906e-07, 3.2836331173181166, 9.999991013968517, 1.1394048692396638e-09, 1.3062813237870892e-08, 2.585203399581693e-07, 3.0200828655506274e-06, 0.3698563692015958, 0.2781645107364481, 0.5239417275906759, 0.38925712981310234, 0.2985776489276689], 'violations': [0, 0, 0, 0, 0], 'id': 22}, 210000, 1999)
maxo is 32.6561998558
mino is 32.6555936019
the average is 32.6557001676
variance is 0.000173162897024
the generation is [1999, 1999, 1999, 1999, 1999, 1999, 1999, 1999, 1999, 1999, 1999, 1999, 1999, 1999, 1999, 1999, 1999, 1999, 1999, 1999, 1999, 1999, 1999, 1999, 1999]
the average generation is 1999.0
variance generation is 0.0
the evaTime is [210000, 210000, 210000, 210000, 210000, 210000, 210000, 210000, 210000, 210000, 210000, 210000, 210000, 210000, 210000, 210000, 210000, 210000, 210000, 210000, 210000, 210000, 210000, 210000, 210000]
the average evaTime is 210000.0
variance evaTime 0.0
